1
15
1 0 1638
13 1 5257
9 2 5794
13 3 2093
1 4 4743
11 5 7125
9 6 9324
10 7 4954
11 8 2828
9 10 5956
13 11 8409
9 12 891
2 13 9996
2 14 3654
10 2 5869
10 12 2898
1 14 42
4 5 3717
13 9 1943
7 1 168
8 14 7973
3 0 8828
6 3 5053
3 14 3318
14 9 9182
11 4 8734
7 11 8027
0 12 8196
12 7 6344
0 5 3603
6 14 1887
3 8 3319
14 13 9510
4 0 4034
7 14 3367
6 2 2927
12 11 6211
5 9 8300
4 7 8335
0 13 1052
5 7 1128
5 10 9875
2 4 5619
13 10 3765
0 14 2148
10 6 1994
6 1 7466
13 6 9398
0 7 7888
14 10 4170
5 1 1986
11 14 2488
11 2 390
3 11 2883
10 1 4139
8 2 9251
0 6 7845
6 11 7607
5 3 1733
7 3 4880
8 12 3232
6 7 2489
11 0 2226
8 6 7844
8 1 6006
1 3 6387
7 9 7767
6 5 6856
13 4 8656
10 0 9181
14 12 5881
1 12 3254
6 12 6179
4 6 3054
3 2 5732
0 2 2283
14 4 7112
4 3 6586
13 7 1165
3 9 9444
13 8 7856
11 9 403
0 8 2163
1 2 7881
5 12 1359
11 10 521
4 8 3896
10 3 5094
2 12 6148
13 5 2421
5 14 4912
1 11 465
2 7 9352
8 9 6858
8 5 7853
12 13 5322
0 9 6409
12 4 164
12 3 7157
4 9 6904
4 10 6085
8 10 6010
5 2 1751
8 7 7309
1 9 5549
