7 12
5 1
0 2
5 3
1 4
2 5
2 6
2 3
4 5
1 6
3 1
1 2
4 0

7 21
2 0
0 1
4 2
0 3
0 5
1 6
0 6
5 1
3 1
5 4
2 1
6 5
5 2
3 6
3 4
1 4
2 3
0 4
6 2
5 3
6 4

7 21
4 0
0 1
0 2
4 3
1 5
2 6
2 3
2 4
1 4
1 3
6 5
5 2
5 0
6 0
0 3
1 2
3 6
5 4
5 3
6 1
6 4

17 113
10 0
0 1
14 2
4 3
12 4
14 5
3 6
13 7
16 8
2 9
11 10
14 11
16 12
10 13
1 15
11 16
0 13
5 3
12 15
6 2
2 10
12 1
3 14
1 2
6 11
11 3
9 7
4 0
6 8
13 12
3 9
7 0
8 1
16 1
9 11
1 11
5 2
2 12
13 1
15 11
12 9
1 3
13 3
5 8
1 4
8 10
2 15
16 3
9 13
7 11
4 14
4 10
10 14
15 16
12 6
10 9
8 14
9 14
16 9
8 13
4 11
7 16
16 5
10 1
9 1
6 5
15 5
16 13
5 13
15 3
12 0
7 4
5 7
3 7
3 8
10 16
10 7
1 14
1 7
0 8
5 1
7 14
5 12
0 3
6 14
11 5
6 1
2 16
13 4
6 13
7 8
5 9
11 12
5 0
15 9
15 8
2 8
12 14
7 2
12 3
6 16
16 0
8 4
3 2
0 9
12 7
10 5
10 15
13 14
15 0
2 11
4 2
4 9

17 113
1 0
12 2
11 3
13 4
7 5
0 6
10 7
0 8
12 9
12 10
8 11
1 12
1 13
13 14
12 15
2 16
8 1
14 5
2 9
7 9
8 4
10 11
13 11
8 6
9 4
3 9
9 0
6 12
5 1
10 1
6 13
7 1
5 3
11 16
10 14
14 8
8 16
3 10
2 14
4 5
7 4
12 5
6 3
15 10
5 2
12 11
0 16
10 5
0 7
8 15
0 3
15 5
14 16
2 4
16 13
11 5
11 15
16 3
6 1
10 8
2 7
10 0
2 15
0 5
15 6
12 14
9 6
16 7
4 6
9 11
9 15
11 2
7 13
14 0
3 12
9 16
13 5
12 4
11 0
13 8
5 8
3 8
15 4
15 16
14 9
10 13
14 11
6 10
5 16
3 1
2 3
2 10
6 2
16 10
13 0
3 7
9 10
5 6
7 12
14 3
8 7
8 12
15 1
2 1
14 6
11 1
4 16
4 1
6 16
14 15
4 10
16 1
8 9

26 177
15 0
5 1
17 2
13 3
8 4
8 5
10 6
25 7
23 9
21 10
25 11
8 12
21 13
8 14
5 15
0 16
13 17
22 18
4 19
23 20
8 21
3 22
21 23
25 24
5 25
9 14
1 8
12 17
18 23
15 10
15 16
11 14
9 19
1 0
10 5
6 2
3 10
12 15
16 7
22 8
4 0
24 15
4 11
12 5
14 20
16 1
24 23
2 8
19 7
2 16
15 23
0 3
2 5
13 15
9 1
0 14
17 3
9 5
22 24
22 9
0 8
21 17
15 14
5 16
6 5
9 12
20 24
5 18
23 19
11 6
0 18
25 21
23 2
3 6
13 18
18 11
24 18
17 23
21 24
25 15
16 11
20 25
22 16
14 16
21 15
5 21
19 17
13 8
25 1
18 3
19 15
20 9
4 16
2 9
7 20
22 2
17 24
5 14
0 5
11 8
6 19
25 0
11 24
24 2
7 1
18 19
2 14
17 1
6 22
6 15
2 25
7 11
11 22
22 15
18 21
0 7
18 4
2 19
23 7
3 4
6 17
16 12
1 24
4 6
0 19
22 25
13 7
23 16
0 9
1 19
14 4
13 14
12 14
1 20
25 4
14 25
12 1
11 0
1 13
9 8
18 25
4 17
13 20
22 5
2 21
23 13
25 8
20 18
3 1
22 21
10 16
25 10
7 22
3 25
2 0
3 24
10 0
7 6
12 4
12 6
19 8
11 5
6 1
20 22
7 14
18 2
15 1
7 9
13 16
9 3
3 11
6 13
14 17
3 8
19 25
16 21
22 0

26 177
23 0
13 1
23 2
12 3
7 4
20 5
16 6
20 7
10 8
17 9
6 10
2 11
23 12
16 13
21 14
22 15
10 17
22 18
2 19
23 20
2 21
16 22
16 23
6 24
3 25
17 4
10 3
20 10
7 12
22 0
21 25
24 19
3 21
25 24
12 8
1 21
8 7
9 8
1 6
2 9
6 23
18 16
6 3
20 18
10 5
8 22
24 8
24 20
23 7
25 22
20 21
15 19
2 20
25 12
5 15
9 7
11 12
14 23
24 3
0 13
10 2
2 0
3 14
24 11
24 7
2 16
1 24
11 9
7 15
23 8
22 20
23 17
19 16
10 16
6 18
12 16
14 12
21 4
23 18
22 9
12 15
2 22
21 15
7 16
17 5
19 11
24 16
15 23
1 5
0 21
18 3
11 1
9 0
22 24
13 12
6 13
3 2
17 7
24 23
7 3
2 5
0 16
13 7
9 19
13 17
18 9
18 21
13 14
4 10
0 4
0 7
10 11
8 11
11 23
24 17
0 3
2 8
9 6
23 21
6 7
8 4
6 25
21 5
1 18
13 15
22 10
0 18
18 2
2 12
14 11
9 10
4 20
15 25
11 4
15 17
6 5
5 18
0 5
14 0
19 5
25 1
17 21
25 5
12 19
17 0
13 22
5 9
14 17
19 18
8 19
20 16
4 16
15 9
15 8
25 13
10 14
13 9
22 14
5 24
19 17
20 15
2 17
17 3
1 8
4 12
5 4
6 8
25 9
20 9
9 16
25 4
1 16
1 20
18 13
9 12
14 24
19 7

26 177
8 0
21 1
18 2
8 3
8 4
21 5
1 6
18 7
21 8
20 9
24 10
8 11
3 12
8 13
18 14
5 15
7 16
10 17
5 18
4 19
18 20
8 22
9 23
8 24
9 25
6 3
16 6
25 0
11 21
20 14
7 24
16 3
4 15
18 25
14 11
7 23
22 25
6 11
13 9
25 4
3 19
15 7
3 23
17 7
19 17
2 16
7 8
18 16
0 11
22 20
5 2
0 10
7 6
15 8
22 14
10 4
4 18
1 25
12 16
14 6
16 11
23 8
23 14
22 15
3 21
17 24
23 2
17 13
18 10
1 11
18 19
19 2
5 22
12 19
16 21
4 2
19 5
1 10
11 13
15 18
15 16
2 6
17 6
20 5
7 14
24 19
13 12
9 5
9 21
25 2
4 13
16 25
7 25
2 15
18 11
12 24
17 21
15 21
18 22
25 12
22 2
9 11
14 4
12 21
17 16
9 10
5 13
10 7
13 19
1 5
24 2
22 9
9 1
20 7
12 17
20 15
8 12
17 8
22 23
24 23
14 3
4 16
19 10
4 20
0 1
3 9
5 16
10 20
14 9
3 2
23 16
0 23
25 21
10 16
2 10
1 24
1 17
2 13
15 3
17 0
2 14
4 1
13 3
20 21
2 21
8 19
0 24
19 14
5 17
6 9
12 20
19 22
6 0
16 0
4 21
0 5
14 24
8 10
12 2
0 13
23 5
17 4
22 24
18 9
8 9
8 20
12 18
19 23
15 24
0 19
13 20
15 10
23 21
23 20
15 19
15 11
4 3

26 177
23 1
0 2
18 3
21 4
21 5
18 6
16 7
11 8
20 9
4 10
0 11
21 12
16 13
21 14
0 15
21 16
18 17
13 18
12 19
12 20
11 21
14 22
0 23
17 24
12 25
9 17
16 5
6 17
3 19
21 7
9 23
1 25
15 3
15 13
23 19
20 8
2 8
3 2
6 23
23 11
24 19
10 3
20 18
20 14
17 10
9 14
9 25
7 13
10 15
9 13
21 1
23 22
24 13
20 23
8 0
17 4
16 3
4 11
14 24
6 7
2 19
5 1
24 6
1 10
23 24
8 21
12 23
15 24
23 14
10 9
10 16
25 7
19 18
4 3
20 15
20 21
4 23
6 5
16 17
23 5
6 0
2 11
21 10
15 19
24 18
22 20
24 22
5 3
19 9
5 0
7 0
12 1
14 10
5 14
1 17
4 24
8 17
22 7
10 8
3 14
2 23
11 3
13 0
7 4
7 15
23 8
6 8
10 5
10 6
5 12
11 24
9 21
3 24
17 5
8 1
24 2
21 2
16 18
17 15
7 11
9 15
12 18
22 5
6 15
22 21
1 7
12 6
21 0
20 24
16 0
8 3
15 14
7 18
1 0
19 14
17 22
19 21
1 15
8 24
17 2
10 12
6 16
13 17
14 11
25 10
20 17
6 9
5 11
19 6
22 25
18 9
14 2
19 10
13 22
20 1
13 20
25 21
23 25
12 14
24 0
22 1
19 7
24 7
25 3
3 0
18 0
10 13
25 5
10 23
25 0
15 8
17 25
19 0
3 1
19 17
19 25
15 2

26 177
1 0
21 1
18 2
21 3
2 4
1 5
21 6
21 7
3 8
10 9
16 10
7 11
3 12
8 13
0 14
12 15
8 16
21 17
16 18
3 19
18 20
17 22
3 23
25 24
17 25
25 21
20 4
18 21
10 25
3 20
19 11
6 8
18 17
9 14
11 9
2 21
25 9
11 4
15 14
2 0
8 22
5 17
17 4
20 12
13 10
23 18
3 11
2 8
0 18
25 16
17 24
13 22
11 24
22 16
7 17
17 20
1 25
15 9
14 20
19 12
19 17
9 17
8 17
15 3
15 6
19 14
24 21
15 18
15 4
2 1
9 5
19 21
0 19
6 18
24 6
5 14
7 0
15 1
0 25
20 15
8 24
22 21
20 8
15 23
19 4
9 1
18 12
4 23
14 6
17 15
18 13
23 13
7 1
22 12
0 23
7 22
20 5
20 7
11 1
4 0
10 21
8 11
14 21
3 1
7 4
12 9
7 14
2 12
1 18
13 2
9 8
12 10
25 22
4 3
16 23
10 18
25 2
3 10
1 14
12 6
15 5
8 25
25 13
18 8
1 20
7 6
16 17
20 13
24 15
0 20
8 23
2 3
1 22
5 2
16 9
20 16
4 13
22 23
9 22
8 14
10 5
23 25
6 2
10 24
10 17
4 16
12 4
25 18
19 15
14 17
7 16
2 16
1 23
20 23
22 2
2 7
24 22
24 23
24 19
2 17
17 1
2 19
13 15
17 13
14 10
3 25
11 10
0 12
11 21
7 15
24 4
14 23
13 9
22 20
18 22
12 24
16 14

47 854
20 0
3 1
20 2
40 3
37 4
32 5
42 6
2 7
20 8
38 9
11 10
24 11
33 12
11 13
31 14
20 15
11 16
42 17
33 18
23 19
24 21
8 22
3 23
20 24
15 25
30 26
19 27
22 28
36 29
10 30
24 31
28 32
43 33
24 34
22 35
2 36
29 37
19 38
17 39
22 40
29 41
22 42
22 43
25 44
15 45
9 46
28 10
12 5
21 32
8 39
33 41
13 9
13 26
3 42
43 41
6 5
13 38
21 4
46 44
21 20
41 15
4 16
0 35
11 19
39 45
28 5
38 31
15 22
34 21
5 41
32 23
13 25
15 29
25 16
33 26
0 12
6 35
27 18
8 24
35 30
5 20
45 37
15 14
37 46
17 26
13 20
14 30
44 3
19 21
44 0
4 42
10 26
4 1
44 22
4 25
40 25
36 32
17 37
40 14
35 33
36 15
15 43
33 31
21 18
44 9
39 29
22 9
21 6
26 25
40 8
38 35
13 23
22 12
35 9
35 13
12 30
12 42
2 4
0 28
43 14
13 6
14 45
46 3
0 6
12 15
1 10
33 9
8 25
17 36
10 33
19 3
19 43
3 35
13 22
15 27
32 39
0 42
7 46
29 19
11 17
18 20
44 20
38 32
28 16
11 8
11 12
28 46
39 18
30 20
11 26
21 0
41 20
38 28
35 37
39 1
45 43
18 26
46 29
17 13
2 11
26 0
29 13
27 24
37 39
12 29
28 13
11 4
22 23
24 26
4 23
36 18
23 1
15 6
21 26
9 8
41 4
13 32
43 7
30 25
33 7
36 25
44 18
46 20
0 24
46 36
4 30
3 36
38 23
40 42
32 42
29 18
16 36
17 35
44 16
19 35
12 3
17 22
16 18
2 27
6 39
32 9
14 25
30 38
26 37
27 8
39 24
43 36
44 34
17 12
26 7
33 1
28 42
29 30
39 26
14 41
23 15
11 23
27 6
8 45
30 39
40 1
3 28
7 38
34 4
38 4
16 35
11 7
16 38
43 10
39 2
40 20
34 2
41 11
0 19
18 22
5 46
45 4
10 46
19 41
42 19
28 7
38 17
32 44
1 35
14 37
37 23
12 34
21 14
43 27
7 13
7 16
22 41
18 6
24 18
1 45
34 46
29 4
45 27
21 31
31 0
12 10
45 17
30 43
19 46
22 19
30 44
27 22
37 20
34 19
27 23
1 30
43 20
2 1
36 11
11 6
46 14
16 5
7 29
41 7
36 13
27 20
30 46
33 17
29 2
29 22
34 20
31 28
11 9
39 44
14 10
16 13
4 13
39 20
42 30
21 43
18 0
27 28
0 40
10 35
43 42
30 32
27 10
35 23
0 1
25 27
9 27
2 22
30 45
45 33
0 34
13 2
34 39
0 46
3 38
10 6
45 9
13 8
9 14
3 34
7 21
34 37
11 34
8 12
4 44
0 2
42 24
30 27
45 38
0 4
35 39
28 14
22 34
24 14
17 43
30 11
19 1
43 46
26 46
1 14
1 21
5 25
43 2
32 45
25 39
19 20
39 5
10 22
6 40
35 29
25 19
22 3
16 10
12 2
3 39
18 2
5 13
2 46
16 0
41 1
31 3
30 40
45 42
45 21
40 5
22 11
34 36
16 34
30 17
11 32
22 25
28 15
27 13
42 14
24 45
3 6
9 17
27 11
19 6
45 7
25 9
18 34
32 20
27 21
44 21
25 46
13 41
13 15
25 35
4 18
14 6
44 17
13 37
36 44
1 25
37 7
16 43
15 10
18 12
41 42
11 38
22 45
5 30
15 42
10 25
18 9
35 20
40 46
44 14
19 18
10 44
4 15
27 26
18 13
3 24
38 34
15 0
19 44
43 38
7 30
22 39
13 33
11 42
7 6
42 33
6 32
46 24
43 24
25 3
14 20
8 36
11 29
37 43
13 44
26 23
37 19
23 46
9 19
9 23
30 19
39 21
4 14
37 25
21 41
43 23
2 17
15 5
29 34
15 9
27 17
43 12
42 26
34 6
35 45
17 40
23 20
40 32
6 8
41 0
31 13
23 24
5 17
33 5
6 4
42 25
16 6
36 38
40 39
17 41
19 24
17 4
5 38
33 3
4 8
25 33
31 46
11 46
11 15
6 46
14 0
24 22
43 28
33 4
34 10
18 38
42 10
23 8
37 5
36 27
22 36
3 41
0 38
41 16
12 39
34 31
34 32
13 14
4 31
10 31
33 14
45 5
15 18
40 4
13 45
34 28
29 1
16 8
11 3
37 41
32 26
30 9
12 14
22 21
41 36
40 16
36 35
31 30
43 25
31 15
30 13
6 38
26 2
44 2
33 21
8 14
12 28
10 38
28 40
10 24
11 40
2 3
8 44
30 21
33 36
26 29
22 0
5 34
11 45
24 33
24 25
14 16
36 1
5 2
25 34
23 17
16 33
42 39
16 24
7 19
18 8
7 23
42 38
5 21
33 8
6 2
9 28
0 45
29 20
32 17
12 27
7 10
24 32
19 12
6 24
46 33
8 34
1 5
39 13
1 32
0 39
10 37
3 13
32 43
3 32
35 26
0 8
26 6
30 15
35 12
7 17
0 33
38 1
1 9
24 29
35 7
41 28
19 31
1 27
17 46
44 24
27 14
1 20
8 35
42 44
36 20
27 16
21 11
11 43
15 38
40 23
10 36
25 20
16 20
31 8
39 10
35 31
24 15
7 44
1 31
16 31
27 42
10 21
37 16
8 30
28 17
7 36
43 39
38 14
5 10
14 2
15 37
13 42
44 26
41 35
25 17
31 6
44 28
37 3
12 20
5 18
3 29
40 19
22 38
3 5
11 18
23 6
22 32
36 12
17 20
11 20
9 34
46 41
2 38
8 7
45 19
30 18
7 20
37 21
2 28
39 28
35 40
24 40
33 20
34 43
22 46
8 1
28 24
42 31
17 21
4 7
30 6
30 23
6 41
1 15
7 24
35 43
35 46
7 9
42 20
38 41
16 12
33 22
23 34
23 33
1 42
11 0
5 8
46 18
16 32
3 20
6 1
8 37
19 32
40 10
37 38
2 35
39 14
3 7
9 37
18 25
36 21
22 7
40 33
3 10
32 2
44 1
44 27
21 12
42 29
26 38
26 8
41 45
30 3
45 12
29 0
24 36
38 20
7 42
25 32
10 20
14 7
44 35
27 41
18 45
5 43
8 29
40 41
36 5
41 8
17 6
27 40
27 34
36 28
21 40
0 17
4 3
17 10
29 5
25 38
13 0
33 44
4 39
15 8
36 31
10 23
23 0
17 14
5 0
28 21
27 46
44 15
41 25
16 21
36 0
28 11
45 31
12 26
38 44
0 25
44 37
4 12
6 20
5 23
45 40
3 14
35 11
26 19
41 32
15 26
38 46
12 31
45 10
29 33
31 29
31 39
21 25
18 35
16 39
5 44
37 2
1 7
8 3
6 44
15 34
33 11
15 2
45 3
3 43
17 29
29 9
1 18
1 43
31 43
24 17
5 14
36 42
29 14
14 11
27 37
40 9
41 23
0 43
4 28
5 27
9 41
23 21
45 44
18 37
43 29
3 26
43 13
25 7
14 35
1 28
8 43
35 28
4 36
46 13
38 29
10 2
34 17
21 9
35 5
16 42
6 9
42 5
7 0
10 13
24 5
30 28
44 43
17 8
22 5
32 0
12 41
6 22
31 2
23 42
1 17
27 31
9 4
7 31
13 24
13 12
28 18
36 6
28 37
43 4
31 32
15 32
28 19
12 24
37 32
32 12
8 10
16 17
11 5
40 2
2 23
40 13
31 17
2 33
45 46
21 38
37 24

47 854
19 1
34 2
21 3
44 4
46 5
9 6
36 7
13 8
34 9
34 10
34 11
9 12
0 13
36 14
44 15
39 16
13 17
17 18
43 19
38 20
11 21
13 22
1 23
34 24
17 25
5 26
46 27
34 28
11 29
43 30
8 31
17 32
8 33
0 34
9 35
0 36
34 37
13 38
34 39
30 40
11 41
33 42
44 43
0 44
0 45
44 46
41 45
31 21
32 8
9 0
29 7
43 45
29 37
43 0
25 2
14 25
11 22
3 42
16 14
1 35
1 21
46 31
16 45
6 36
46 24
14 26
10 30
2 15
45 35
27 16
9 18
33 25
8 36
10 21
41 8
2 6
30 20
15 10
15 38
35 11
34 42
19 17
34 4
13 23
40 45
35 30
33 9
9 38
45 19
13 43
40 0
16 0
3 20
3 30
39 38
36 2
13 24
26 19
19 42
45 10
10 40
1 7
41 20
4 32
11 15
34 31
24 30
2 22
18 40
23 36
10 18
20 31
24 38
11 7
41 5
45 38
36 16
30 32
19 8
46 19
29 21
17 28
15 28
43 25
38 34
32 19
7 12
14 1
39 1
19 0
1 11
33 22
34 21
9 19
23 46
27 10
30 25
46 0
30 0
16 13
32 36
7 0
4 40
40 20
25 46
37 8
41 26
28 3
43 41
37 46
41 0
38 19
29 25
34 16
42 36
39 21
17 8
25 21
39 41
45 29
29 27
18 25
26 29
10 5
38 2
28 19
17 37
45 14
7 13
31 10
44 33
9 7
41 14
46 38
30 26
12 15
44 35
33 0
36 46
12 1
22 20
45 2
36 21
33 37
22 41
17 43
25 23
36 26
11 28
8 26
10 16
25 19
45 3
9 43
1 46
10 29
19 27
11 39
39 36
22 27
21 22
23 19
2 23
34 7
45 9
27 3
17 41
7 35
39 4
40 11
31 38
1 3
5 27
12 30
32 1
24 18
17 6
18 0
17 0
35 0
26 2
16 29
45 34
43 10
18 21
17 39
37 40
21 17
45 27
43 12
28 0
36 19
26 45
8 27
39 13
4 24
6 10
43 3
27 37
2 24
26 15
9 28
24 40
7 19
45 20
3 19
26 10
11 46
10 2
9 39
46 33
5 23
9 22
16 4
8 2
11 2
6 43
11 38
6 33
24 39
45 44
38 26
10 8
21 28
35 29
35 40
19 44
40 44
23 29
5 20
24 29
5 39
15 33
2 42
21 33
28 23
30 19
32 21
29 42
29 28
9 17
26 6
12 6
9 13
26 7
46 43
24 32
42 0
23 37
24 0
46 21
12 0
10 42
42 40
32 0
1 34
23 20
19 2
8 20
28 4
8 28
34 33
24 36
18 31
6 21
16 37
6 28
32 37
36 25
26 13
33 39
40 31
39 26
45 8
22 17
13 15
18 46
40 22
40 25
38 25
24 44
31 2
27 31
19 14
25 11
22 7
12 16
21 8
24 35
42 41
34 29
31 0
41 23
12 11
19 39
42 28
20 42
32 22
12 38
39 43
22 18
33 28
6 5
28 27
23 30
9 42
18 32
3 2
37 10
46 30
29 33
3 13
33 11
38 37
21 38
19 21
27 9
27 41
2 1
16 31
37 25
28 37
46 10
15 35
44 17
32 26
5 24
6 32
16 19
42 46
25 22
3 37
5 32
5 22
24 28
11 17
1 15
26 21
23 32
41 10
12 14
2 20
27 44
26 27
11 5
21 44
25 20
32 9
19 11
16 24
2 37
30 22
44 18
16 7
42 26
42 7
42 14
45 32
38 10
4 29
25 7
40 29
4 5
6 23
35 46
37 15
27 21
7 15
26 18
14 33
11 13
27 4
11 37
26 11
42 5
11 30
21 0
4 6
27 40
17 38
38 22
13 2
27 15
24 43
34 41
14 6
34 15
35 28
36 37
28 5
34 14
39 42
10 9
34 12
41 15
30 6
25 39
33 27
3 26
15 46
37 12
18 5
8 44
34 44
36 35
7 41
28 30
28 43
46 7
21 43
28 20
45 7
12 13
26 44
40 9
1 45
43 26
9 25
23 16
40 1
11 23
32 3
30 4
22 8
37 9
12 17
25 31
36 5
4 21
38 1
12 29
34 6
35 27
46 26
35 2
17 14
23 7
2 29
29 15
19 35
23 8
16 41
21 42
39 27
5 17
19 12
23 31
23 39
34 23
6 40
38 43
11 31
12 18
23 22
40 32
37 6
28 1
33 1
1 44
20 9
25 0
22 15
21 24
21 45
2 17
43 15
1 22
20 35
24 6
29 5
18 1
36 30
45 4
7 32
12 5
7 40
40 21
8 3
17 16
42 12
28 26
3 0
6 41
31 12
3 40
40 19
10 0
40 46
3 14
1 8
23 33
9 14
31 26
40 13
36 29
16 32
19 24
24 25
40 12
43 7
44 25
45 22
46 29
9 46
17 46
8 46
5 33
9 15
36 10
11 27
39 45
6 46
20 6
6 19
35 12
3 9
33 26
9 1
39 29
37 5
42 32
23 12
27 38
35 43
36 17
34 27
33 30
22 36
4 19
34 43
30 45
18 39
20 27
39 46
37 39
38 35
13 31
34 8
32 12
34 35
41 18
13 30
16 38
13 44
43 31
16 15
41 24
24 17
19 34
7 33
22 34
33 45
10 4
7 18
2 30
16 26
45 12
8 6
18 4
44 22
13 41
36 40
30 1
3 18
17 15
42 22
40 39
7 30
42 15
33 41
3 33
5 35
38 44
25 15
28 46
1 17
31 24
22 31
11 10
22 16
12 8
26 1
20 34
14 13
40 33
9 4
5 0
13 28
43 37
31 39
15 4
11 20
8 42
42 6
17 27
23 24
11 18
35 37
1 6
44 11
17 20
17 4
26 23
21 37
9 29
42 37
41 44
46 20
26 25
25 8
20 39
24 9
22 26
41 30
30 27
27 24
7 21
15 20
14 30
37 31
17 10
10 7
16 25
22 19
13 35
29 43
14 0
40 17
28 14
6 38
29 38
13 29
18 38
5 15
7 3
4 23
20 7
40 5
11 36
19 5
16 33
3 12
18 30
20 33
17 29
11 6
29 1
32 28
16 43
3 11
14 20
20 21
39 0
18 37
32 34
33 4
25 5
45 17
40 16
43 11
17 26
45 13
37 19
35 10
12 21
35 39
45 18
4 0
17 31
40 34
32 31
33 2
28 41
27 0
44 28
15 30
1 42
9 31
25 42
15 39
43 20
9 36
15 40
13 27
42 30
38 0
28 10
17 42
12 26
10 14
28 18
28 40
3 23
5 8
30 29
39 12
36 45
3 29
4 37
17 30
15 45
7 39
37 0
23 0
17 33
36 33
3 10
44 29
32 10
16 42
4 22
3 36
40 14
24 10
44 20
7 6
3 6
32 15
6 16
38 3
20 26
28 12
24 15
32 39
18 23
37 26
11 16
17 3
32 20
4 2
2 40
5 9
46 2
32 29
13 6
41 35
20 10
22 10
11 9
39 10
28 39
41 25
31 33
40 23
2 12
24 45
34 25
34 30
40 43
41 36
15 6
9 2
24 1
44 5
3 4
23 15
32 43
36 4
44 31
38 7
10 25
32 14
4 12
44 14
21 2
31 29
25 12
20 24
27 7
42 43
37 7
14 27
23 17
29 6
8 7
41 1
37 13
20 0
23 45
27 1
36 20
1 20
5 34
35 42
3 44
1 13
5 14
44 42
3 5
25 28
12 22
14 38
13 18
31 28
36 13
8 0
20 18
18 15
42 31
22 28
43 33
16 2
6 25
33 35
9 26
11 14
16 44
46 4
21 14
16 35
13 25
19 18
13 19
35 6

47 854
4 0
34 1
40 2
29 3
37 4
21 5
31 6
22 7
2 8
27 9
37 10
29 11
1 12
36 13
44 14
0 15
23 16
3 17
36 18
11 19
11 20
29 21
1 22
29 23
13 24
42 25
42 26
10 27
44 28
2 30
0 31
37 32
16 33
21 34
8 35
37 36
34 37
41 38
17 39
34 40
21 41
20 42
37 43
29 44
12 45
29 46
3 6
24 43
43 31
28 2
20 30
46 16
33 28
17 8
44 18
40 29
16 42
32 43
35 28
11 25
6 23
42 33
5 8
21 8
20 31
16 10
33 30
11 26
1 37
24 38
45 3
34 33
39 22
45 22
1 7
13 31
10 44
45 28
17 23
17 2
6 20
45 29
0 7
38 22
30 41
41 12
9 38
35 5
3 9
10 5
6 39
2 24
23 0
19 8
41 19
7 10
23 12
37 6
17 25
17 10
10 42
41 14
41 17
27 4
30 3
28 14
5 28
22 43
9 8
19 30
22 10
42 23
39 8
36 3
21 33
43 1
27 7
8 3
5 31
17 27
15 23
12 9
45 41
37 27
41 31
1 21
23 9
38 25
30 44
7 29
30 22
38 39
27 8
10 1
18 7
33 12
8 33
9 10
4 19
10 28
11 17
46 26
7 35
10 3
30 28
26 32
41 6
27 18
38 43
24 37
30 7
9 11
45 27
5 11
36 40
25 5
32 46
38 5
32 14
26 34
10 31
25 40
37 19
40 15
17 36
35 46
5 44
14 45
46 9
46 7
3 14
3 1
42 9
0 24
35 15
37 13
23 25
31 1
28 4
10 14
33 17
40 14
37 22
18 32
20 37
35 4
28 21
19 0
40 30
27 46
16 24
12 3
20 16
18 12
13 26
8 37
39 14
30 46
32 36
28 16
26 20
36 20
26 10
20 34
13 43
44 22
3 41
2 45
21 19
16 34
37 31
17 24
17 20
22 12
12 30
44 45
17 12
23 41
45 23
23 31
8 0
33 38
46 12
45 34
37 7
26 17
11 16
31 14
31 29
3 16
8 30
41 18
31 34
24 20
24 45
11 38
15 18
38 45
33 18
42 29
25 26
31 2
19 26
33 22
32 17
45 26
8 20
39 28
18 34
40 31
39 20
42 24
27 12
41 28
16 19
24 7
43 23
17 42
0 34
31 38
23 46
11 35
23 39
1 38
14 12
8 38
22 16
19 46
24 41
43 36
10 2
7 38
20 9
38 40
20 28
45 32
35 17
1 39
3 25
30 37
23 5
36 4
37 0
42 7
27 14
14 18
39 42
15 14
46 17
33 6
25 15
26 18
45 5
32 4
21 14
26 6
32 6
32 33
19 22
18 8
15 20
44 41
28 8
0 35
40 12
31 16
1 18
33 9
20 4
2 43
32 28
1 6
11 39
0 42
26 29
43 29
44 34
38 35
2 33
21 23
8 7
25 35
42 41
16 45
31 30
30 1
21 46
2 39
35 10
31 4
2 23
8 26
10 40
8 16
13 45
34 41
35 37
16 27
1 29
9 25
5 15
15 30
23 37
9 4
38 17
21 30
26 43
9 21
7 20
31 44
43 46
18 2
7 12
3 37
31 32
25 2
9 44
46 13
33 7
37 17
16 43
38 29
19 34
0 14
42 14
7 40
38 46
3 43
3 22
36 19
37 14
7 21
24 3
3 27
32 10
12 6
19 25
9 19
20 27
4 16
2 38
25 31
34 22
46 1
8 14
11 8
13 11
14 24
40 37
35 24
11 24
40 46
21 42
31 35
39 40
19 29
25 28
26 35
23 20
12 29
11 44
0 26
0 41
43 30
43 21
9 45
4 29
24 22
13 30
46 34
13 29
43 4
45 33
45 37
31 42
0 18
14 4
34 5
19 31
27 29
27 2
4 46
7 5
18 40
17 30
22 27
12 21
36 45
37 28
21 10
17 43
15 37
35 21
42 38
27 43
22 5
1 32
33 40
1 15
13 5
16 9
38 15
30 32
14 13
11 7
44 35
32 42
40 17
18 35
40 22
25 16
26 30
35 12
16 6
25 8
21 13
16 2
13 8
23 35
6 18
24 10
42 8
2 34
43 35
25 37
44 21
21 45
6 25
22 28
41 7
7 36
24 29
6 15
26 3
18 30
18 38
15 31
41 29
6 29
33 20
17 28
15 22
19 14
21 4
22 6
4 8
22 11
21 20
24 44
15 29
1 17
32 39
28 34
41 39
39 21
12 5
46 5
36 9
36 5
42 36
0 16
5 18
25 34
35 9
42 45
16 17
15 32
34 43
2 46
17 13
3 46
16 39
5 40
25 33
1 16
12 2
19 45
23 1
31 28
21 15
15 34
18 31
2 6
13 7
15 13
36 38
15 3
0 39
9 39
0 17
10 29
44 1
6 35
19 1
15 42
32 13
9 24
23 4
12 37
27 36
46 36
37 33
42 28
14 20
16 41
1 14
13 10
2 19
39 15
26 23
44 27
39 45
9 30
21 27
39 10
44 20
1 20
2 0
41 22
25 39
16 30
2 29
46 33
7 17
23 33
10 4
26 41
45 46
45 0
38 32
36 25
46 41
5 4
36 34
17 21
7 43
30 0
46 10
11 14
38 3
14 30
41 43
9 18
6 10
33 1
45 30
27 5
2 36
4 42
16 36
16 13
26 36
44 7
24 21
10 18
18 17
25 0
23 13
18 11
40 16
39 31
0 29
38 21
12 10
46 39
33 36
8 36
31 12
14 17
46 37
39 29
22 8
20 43
6 19
42 19
13 4
21 6
18 3
43 12
33 41
24 39
5 6
20 10
12 8
39 34
23 11
35 41
42 40
10 19
22 14
25 20
17 44
43 45
23 34
1 45
4 3
11 6
3 21
43 33
35 3
38 37
33 10
30 36
27 30
32 11
21 25
0 5
22 36
30 4
40 27
26 24
19 15
3 33
45 35
23 40
3 20
10 25
4 44
30 23
36 35
23 18
25 41
1 27
27 42
25 22
31 33
22 42
27 33
22 26
37 5
15 43
18 16
39 18
8 29
27 15
43 40
33 19
7 23
35 29
44 42
42 43
27 11
40 1
38 10
41 9
20 29
8 15
39 12
44 6
0 13
7 15
22 17
36 23
32 8
4 17
13 42
8 24
14 38
41 8
39 33
21 0
38 12
19 5
40 45
33 29
23 19
42 11
22 13
26 33
4 45
24 18
42 34
4 33
19 3
31 45
13 6
30 25
28 43
3 44
34 13
12 26
2 5
16 7
7 31
9 1
14 7
20 45
12 20
46 20
40 28
6 46
38 6
39 44
28 26
2 20
26 27
9 43
0 40
7 19
21 40
10 45
18 22
32 29
34 24
20 40
6 4
11 31
46 14
39 26
37 44
4 1
27 38
34 32
18 37
46 25
46 8
34 17
15 45
26 44
14 26
22 23
42 18
34 29
13 2
6 7
0 22
20 38
37 26
46 42
23 10
40 44
46 0
14 35
1 28
9 15
3 39
19 35
0 28
35 32
23 32
14 6
11 33
9 40
14 5
12 0
45 18
9 28
13 27
28 6
36 28
24 1
15 44
44 8
15 4
17 6
34 35
13 40
41 2
22 21
24 25
22 29
4 38
1 26
19 28
31 9
22 35
44 19
44 33
43 0
26 16
41 4
40 41
21 11
30 24
43 14
14 29
16 29
28 29
35 20
45 6
36 11
33 24
25 14
1 41
13 1
3 13
9 2
32 44
9 26
5 16
4 7
46 24
44 13
22 20
40 19
0 3
27 24
35 1
6 24
10 34
21 18
1 5
12 19
24 31
18 29
43 11
16 38
27 19
32 16
45 25
24 40
22 31
1 36
36 15

47 854
45 0
7 1
32 2
4 3
5 4
29 5
32 6
27 7
12 8
4 9
0 10
36 11
29 12
17 13
17 14
26 15
11 16
5 17
5 18
13 19
16 20
5 21
4 22
4 23
0 24
5 25
14 26
33 27
23 28
38 30
8 31
29 32
11 33
17 34
44 35
29 36
21 37
22 38
22 39
27 40
5 41
2 42
3 43
41 44
13 45
34 46
15 9
27 34
31 19
0 21
0 26
27 35
21 19
37 18
21 15
38 9
9 10
15 31
4 38
7 31
17 32
2 4
31 0
26 39
13 11
39 32
2 6
45 20
30 18
32 1
3 40
3 8
18 12
5 6
40 29
20 0
41 29
44 18
14 35
46 33
10 34
5 11
17 4
19 17
0 13
20 17
4 37
12 39
1 40
37 12
27 42
11 14
44 5
13 2
6 29
3 37
0 19
40 31
40 42
4 19
8 24
19 25
4 12
31 12
35 0
45 43
7 18
33 21
20 12
46 43
22 29
33 22
11 35
42 44
39 42
8 19
28 3
10 14
12 30
11 3
15 36
1 41
34 24
41 3
9 20
37 19
20 15
17 0
44 36
3 12
26 23
39 27
8 21
6 30
31 39
46 4
33 25
6 20
33 14
22 1
37 24
30 42
24 13
6 40
22 35
41 25
8 36
1 46
39 17
18 13
31 2
40 11
14 5
5 9
41 39
6 4
24 12
4 35
23 3
28 7
2 33
22 26
2 18
18 19
31 37
13 1
43 27
37 1
3 13
37 30
2 11
4 10
40 43
28 31
41 23
21 1
13 26
28 6
5 35
10 24
45 5
1 14
39 43
13 33
1 43
36 9
45 42
38 21
39 7
8 44
17 23
19 36
36 3
40 9
32 7
33 18
27 5
0 36
31 18
34 44
4 41
1 42
39 35
17 45
16 7
5 40
16 43
39 24
43 13
45 32
16 41
5 23
35 10
31 35
26 4
14 13
31 23
6 11
32 12
12 1
14 32
46 45
24 2
35 28
15 28
13 4
23 30
25 44
46 25
15 24
39 34
27 29
21 25
44 29
27 25
7 35
20 37
0 9
40 10
1 29
24 26
18 28
10 37
36 25
10 45
26 31
37 13
5 32
8 29
21 46
12 45
38 34
33 3
38 2
12 43
6 19
6 42
32 40
35 20
1 20
8 7
16 32
5 19
14 7
18 29
25 23
42 13
23 29
24 17
26 33
10 27
2 7
10 3
34 19
18 9
3 17
0 33
45 38
44 1
31 16
36 24
19 29
45 36
1 15
40 17
33 45
14 15
37 35
18 42
7 33
36 23
30 28
11 15
24 7
3 9
37 9
28 16
22 20
18 11
31 42
21 44
23 39
38 44
41 15
38 28
19 3
35 15
30 43
21 32
15 22
41 30
12 9
0 42
13 39
6 46
18 14
25 30
8 37
25 31
18 17
31 17
24 41
42 32
23 27
38 35
8 11
19 26
18 0
28 33
14 39
33 44
4 21
40 35
1 19
30 33
28 21
41 32
37 16
17 15
7 46
41 8
40 39
37 43
36 22
45 15
44 20
33 17
19 45
6 10
37 17
46 42
27 36
24 38
27 3
13 27
42 37
9 8
18 16
30 5
19 43
45 26
34 6
9 30
8 46
33 42
46 13
24 16
12 0
17 42
22 43
5 38
2 39
18 43
21 27
39 29
38 8
44 4
46 37
11 21
23 9
13 8
11 34
9 27
32 36
19 32
8 22
39 11
3 24
43 17
4 33
1 9
1 5
9 44
27 44
41 21
12 28
7 3
11 25
39 5
27 45
2 3
17 38
22 21
20 10
31 45
4 24
34 9
30 26
15 29
22 9
20 40
33 38
8 40
13 9
31 22
14 3
19 44
25 22
1 8
46 44
6 15
46 10
43 21
11 0
5 10
41 31
43 9
13 35
11 29
45 7
17 41
2 43
10 30
10 8
28 1
28 41
8 39
45 37
36 33
4 1
3 15
8 2
23 8
41 33
16 1
35 26
46 30
25 18
12 25
34 31
12 14
4 29
22 2
41 14
34 3
10 19
8 42
2 41
45 16
6 18
38 41
22 42
15 8
42 10
16 29
3 32
44 0
27 17
36 46
19 38
44 30
0 46
34 8
10 41
20 36
9 19
0 37
41 27
35 36
11 4
32 46
16 2
19 27
40 46
4 34
8 30
35 41
15 7
7 43
23 10
10 36
2 36
2 27
26 21
35 23
25 1
2 44
7 41
41 19
41 9
30 35
2 1
14 45
30 22
26 34
11 7
16 38
30 2
36 42
26 41
18 4
19 40
26 7
13 6
22 3
1 34
17 6
43 25
10 16
45 25
38 46
8 33
7 30
13 40
38 25
12 7
25 14
41 0
15 2
14 43
9 33
35 25
9 7
35 3
15 13
7 0
42 15
35 18
26 20
18 3
8 6
20 43
31 21
15 25
43 32
19 28
34 14
44 40
39 0
6 41
32 4
0 27
46 28
23 12
11 43
10 18
36 43
25 9
7 10
27 16
26 18
17 11
31 33
24 33
16 33
17 29
5 22
14 38
24 28
24 22
19 12
31 46
28 42
9 31
16 8
36 16
6 44
18 40
3 38
18 22
9 6
9 2
45 29
20 32
33 23
17 46
11 24
12 10
38 13
12 33
42 41
36 14
1 27
41 22
0 3
5 46
22 0
1 23
23 18
31 36
3 45
14 29
26 6
36 40
35 21
21 40
30 20
5 36
1 0
26 46
22 37
38 1
44 13
32 18
37 40
35 6
3 29
22 46
40 4
15 33
2 26
44 31
0 34
45 23
40 34
32 8
6 7
45 30
34 13
28 32
14 46
10 44
25 6
11 45
14 8
38 29
38 20
26 8
13 5
44 39
15 10
13 41
23 0
14 22
39 1
26 36
7 22
21 18
4 31
11 42
22 13
32 27
14 30
11 12
21 20
21 14
10 11
38 7
4 27
37 32
9 29
27 28
46 12
8 17
35 32
40 2
42 9
1 26
4 30
44 3
30 17
12 17
24 45
0 29
36 34
14 44
44 11
44 22
36 4
22 16
15 23
6 0
43 8
9 46
27 12
18 38
30 24
22 11
42 26
21 34
33 32
23 16
43 0
24 32
22 40
45 34
45 1
24 23
34 41
11 38
2 5
20 31
10 39
30 11
3 20
25 10
43 15
21 7
21 23
10 33
41 37
31 29
12 38
33 39
24 35
35 19
39 4
10 29
8 28
21 30
22 45
16 21
16 39
14 16
12 13
7 5
34 35
28 2
25 29
25 13
23 20
44 45
1 33
40 26
3 1
24 5
18 41
44 24
4 14
4 42
24 14
16 4
10 31
2 21
16 25
32 34
26 38
44 43
20 28
35 29
12 34
12 40
8 25
17 22
30 34
23 44
17 26
45 21
31 5
25 4
45 28
1 11
21 29
43 42
45 39
13 29
27 8
34 2
25 17
14 42
19 33
44 16
37 28
14 0
45 8
44 32
24 9
45 40
30 40
19 11
28 34
46 41
35 9
5 43
28 0
21 17
36 30
46 19
43 6
25 37
11 23
33 6
0 40
2 23
13 30
6 12
46 24
20 8
1 31
33 20
35 33
33 29
21 42
35 2
40 7
24 43
28 39
35 1
9 16
12 44
14 2
3 6
27 31
15 34
9 32
42 25
11 27
23 43
42 38
40 24
41 43
43 33
30 16
15 4
17 16
39 46
23 14
39 15
3 25
27 18
32 38
14 19
21 13
41 40
2 19
42 23
28 10
20 29
14 9
24 20
43 4
5 3
17 28
38 6
11 9
12 35
46 29
6 22
42 34
40 14
12 36
40 15
18 20
4 20

47 854
32 0
31 1
31 2
15 3
35 4
37 5
35 6
5 7
22 8
13 9
45 10
4 11
29 12
39 13
15 14
36 15
6 16
12 17
6 18
35 19
21 20
8 21
35 22
42 23
15 24
8 25
31 26
16 27
29 28
35 29
23 30
18 31
18 32
37 33
27 34
29 36
17 37
45 38
35 39
18 40
22 41
29 42
14 43
43 44
31 45
10 46
22 45
42 25
20 9
6 14
19 27
13 43
34 31
2 32
23 21
24 17
26 33
32 3
38 7
10 28
5 24
14 20
3 21
42 35
8 37
37 3
12 43
44 19
8 46
10 5
11 8
40 7
10 21
31 39
13 2
16 45
1 42
34 9
28 20
19 24
37 27
38 12
3 25
8 7
5 17
41 21
14 19
5 41
37 0
26 9
0 19
18 36
4 3
41 0
5 3
42 22
23 46
26 22
18 39
29 2
34 22
6 38
12 20
25 18
37 34
22 46
39 22
28 15
13 45
26 18
16 35
41 8
42 11
44 46
34 17
26 32
22 27
9 23
15 33
33 34
16 37
12 31
38 39
30 12
44 0
1 0
39 23
27 14
17 8
20 7
11 36
33 31
32 16
32 22
28 35
14 16
11 10
19 31
45 34
10 35
20 30
39 3
1 10
32 10
1 38
7 37
7 17
20 11
39 25
6 42
27 3
16 31
2 20
45 35
33 39
39 5
44 34
18 23
39 41
28 36
3 26
16 9
1 11
6 19
29 32
28 6
4 25
36 40
15 46
24 43
25 16
39 16
10 7
11 32
21 13
15 30
0 42
1 20
27 0
34 20
8 19
1 23
43 2
16 4
45 8
0 31
2 16
29 44
14 35
15 16
13 40
26 8
13 10
32 21
17 43
26 6
40 1
38 4
43 37
22 4
9 42
36 6
33 28
29 38
2 45
44 41
27 10
16 7
23 15
44 22
29 31
28 39
28 9
0 3
30 35
36 2
43 39
34 14
46 6
25 2
21 11
40 16
33 38
24 1
24 26
0 12
24 30
15 20
22 1
33 35
21 19
28 27
2 46
16 13
11 18
27 25
40 45
25 21
39 30
2 42
37 10
36 24
25 35
15 19
24 23
12 23
33 43
9 6
27 21
45 5
38 9
1 29
29 17
41 20
2 9
15 17
2 11
45 37
24 31
21 39
18 27
25 26
21 38
24 32
13 31
46 9
46 37
27 41
43 30
16 28
5 34
31 5
38 18
42 10
14 45
20 36
39 44
7 2
32 15
23 22
14 38
14 37
0 18
20 33
19 32
44 38
25 19
31 35
16 36
10 33
37 18
43 5
0 5
46 7
30 37
12 8
0 40
43 6
2 19
9 19
30 27
39 17
23 33
19 45
14 1
20 45
18 30
17 20
25 28
40 41
44 45
15 38
32 41
40 12
0 22
37 26
30 8
30 40
9 43
9 21
26 16
7 0
18 20
23 25
36 23
37 31
28 42
45 26
12 13
26 29
26 41
1 46
19 3
32 37
4 5
3 6
22 6
37 28
46 17
23 6
27 31
33 9
45 4
15 5
7 34
10 24
19 34
39 34
38 2
15 26
46 4
26 10
32 13
4 26
18 46
37 41
46 13
34 26
36 9
25 36
27 33
43 28
36 38
46 34
15 41
21 46
28 38
30 2
40 38
37 36
5 32
45 28
37 1
38 5
5 1
19 7
19 1
39 10
38 20
46 12
8 16
41 36
24 35
10 23
36 1
3 1
33 25
33 21
33 3
18 21
46 26
20 8
17 3
17 0
7 24
8 36
41 35
1 45
36 7
9 5
19 22
24 33
41 11
37 21
23 8
44 23
18 13
6 1
2 15
7 43
15 35
17 16
41 25
16 1
20 3
17 22
0 8
4 9
33 46
2 22
11 0
12 4
10 34
37 44
26 40
40 19
43 8
30 29
13 23
32 33
12 11
29 10
37 2
42 12
33 7
7 15
46 5
44 21
23 29
33 18
8 6
39 15
42 39
30 17
24 34
31 11
28 19
16 10
22 29
2 17
38 34
31 4
13 7
8 3
34 40
38 13
3 10
33 14
21 35
29 20
12 19
41 14
19 33
39 12
26 43
44 40
6 39
44 16
28 44
40 24
27 45
23 38
2 33
11 38
3 11
29 39
27 12
30 3
18 22
34 4
9 45
28 8
14 39
28 46
12 25
22 20
6 0
45 32
38 25
12 16
2 34
44 17
1 7
13 24
20 35
19 17
18 45
5 35
13 36
10 22
30 4
21 29
32 42
28 7
5 21
13 33
42 5
16 20
30 38
46 19
5 20
12 5
42 44
42 16
6 34
17 40
45 25
7 30
11 24
5 14
9 12
32 7
12 26
17 23
0 39
39 37
23 3
14 10
16 19
21 40
0 30
6 21
14 3
42 7
16 43
29 7
6 37
18 28
14 7
25 13
28 31
37 35
32 40
8 27
43 27
32 28
46 29
5 25
22 25
42 36
21 36
22 31
43 20
38 35
15 0
40 10
39 26
36 17
4 40
36 3
40 27
4 39
30 25
0 38
2 18
20 44
22 9
43 18
29 18
40 37
21 2
8 31
11 13
8 5
27 15
40 23
10 43
3 22
26 14
2 8
31 41
4 44
10 31
5 30
10 4
15 43
12 7
42 30
36 35
44 25
15 22
28 21
13 28
30 36
30 46
39 36
44 1
46 35
31 40
24 14
1 13
45 36
13 29
36 44
33 29
6 11
46 0
37 38
30 31
12 6
14 21
8 32
7 35
9 24
18 15
32 4
34 3
32 20
4 42
26 44
27 24
41 9
44 32
20 40
4 19
3 12
39 1
2 23
40 46
41 45
37 20
9 8
1 2
9 44
26 1
6 40
13 34
41 29
44 13
13 19
6 32
21 1
13 35
45 42
4 1
27 42
34 12
45 11
1 35
27 44
6 41
39 46
8 18
27 32
19 11
46 24
17 4
41 30
12 14
25 0
5 40
23 4
15 11
39 27
31 38
28 22
5 29
42 3
39 19
43 31
4 8
23 7
39 40
38 32
27 26
25 31
33 1
42 21
31 6
2 28
19 37
25 9
43 29
6 4
46 32
3 35
19 5
2 24
26 36
24 3
43 38
29 25
38 8
10 12
32 36
11 29
33 4
2 12
26 17
37 42
13 17
41 1
28 17
34 28
1 34
15 8
29 8
33 41
42 19
7 27
27 4
16 18
5 13
0 13
37 24
23 37
21 16
30 34
43 35
11 25
16 34
23 35
26 42
2 41
43 0
45 46
2 6
23 27
17 35
24 45
0 33
43 41
34 21
22 21
12 21
15 25
43 40
44 8
15 45
11 7
30 21
7 3
45 17
31 32
14 30
16 41
26 7
27 1
5 28
17 14
26 21
36 10
9 18
41 42
6 5
39 7
20 19
38 3
34 15
0 34
31 15
7 31
23 5
38 16
27 46
16 5
24 12
14 18
41 23
12 45
9 0
21 43
25 6
5 22
11 9
13 4
7 4
37 9
26 35
39 2
10 15
38 46
36 12
24 39
42 34
9 17
28 30
6 7
42 13
24 21
25 32
41 18
36 4
25 40
24 8
6 27
15 29
26 20
10 20
39 20
2 10
21 4
19 30
14 31
4 29
12 44
29 19
20 42
43 23
11 46
40 11
13 15
6 10
21 15
22 40
24 0
19 18
41 38
11 23
25 7
15 1
19 36
16 46
41 4
42 40
44 11
7 44
27 5
31 21
22 11
24 25
15 12
22 14
24 20
7 18
6 17
43 45
41 13
32 1
9 35
36 31
23 45
13 14
32 30
1 43
8 40
28 1
9 40
43 32
20 25
24 18
28 41
26 30
29 37

37 648
16 0
36 1
5 2
17 3
5 4
33 6
25 7
33 8
22 9
13 10
2 11
5 12
2 13
3 14
18 15
15 16
13 17
33 18
12 19
30 20
22 21
15 22
34 23
33 24
33 25
5 26
15 27
22 28
14 29
12 30
24 31
15 32
5 33
2 34
6 35
7 36
4 34
14 7
35 25
9 16
4 3
26 18
24 29
18 13
33 11
14 23
3 21
25 17
24 11
36 21
25 31
26 16
15 6
34 13
31 4
17 6
9 7
32 6
20 12
15 9
13 31
13 15
20 25
22 4
16 10
11 34
1 20
7 27
34 17
13 32
4 17
0 11
18 34
34 28
18 23
1 25
8 0
8 5
1 31
19 3
14 8
16 6
17 28
0 26
10 32
30 24
26 29
10 33
8 6
33 1
3 29
19 5
2 26
24 28
0 13
30 35
35 28
30 28
6 19
32 12
27 17
7 16
31 23
0 17
21 24
9 12
10 5
27 23
24 14
36 18
29 17
23 7
20 33
8 24
36 25
3 8
24 17
24 18
29 16
17 8
29 20
21 7
9 3
31 10
8 11
14 2
14 21
19 0
26 27
10 36
27 8
33 26
19 36
8 25
21 27
32 11
32 24
15 7
23 25
30 34
12 18
23 17
23 24
9 17
26 31
35 10
21 30
26 30
31 28
20 35
12 17
15 1
34 6
6 12
9 5
4 7
27 34
19 28
35 16
16 21
29 10
9 14
12 2
11 3
22 16
8 10
25 3
1 5
11 19
2 17
8 36
11 25
27 20
24 36
15 33
8 9
30 19
22 6
36 34
3 26
2 0
22 5
29 19
3 12
14 30
0 5
8 20
25 5
9 36
29 27
12 14
19 25
19 20
14 28
26 32
33 30
15 29
36 11
23 5
3 7
15 34
4 1
10 0
31 21
34 22
12 28
16 1
30 16
0 34
27 33
35 27
16 24
29 32
0 6
34 33
3 15
11 16
28 33
11 26
17 33
10 21
3 22
6 13
27 12
32 2
15 2
17 31
29 8
26 13
31 27
1 18
14 20
31 12
15 11
20 26
35 19
24 25
33 36
3 6
0 31
33 31
31 15
20 11
27 4
35 21
32 9
31 14
14 5
12 4
12 33
18 20
15 25
14 16
2 28
30 17
23 19
11 5
10 23
1 28
36 6
18 29
27 3
23 33
7 13
6 4
17 19
14 15
10 3
11 35
12 25
35 23
31 32
4 29
36 23
16 17
32 22
10 19
11 1
8 4
35 15
7 6
31 35
16 3
6 5
6 14
28 23
8 34
30 15
21 20
27 1
12 15
27 24
26 19
28 3
18 14
12 7
28 27
12 23
28 7
22 17
15 19
1 35
17 20
36 5
35 29
20 5
3 32
18 21
26 23
34 7
2 24
13 4
11 28
22 35
11 30
10 34
24 6
28 25
8 26
2 29
4 36
0 23
15 24
13 1
2 25
18 8
20 3
36 35
11 29
8 19
8 30
15 8
16 34
26 22
10 15
19 34
25 22
29 0
2 18
30 0
10 14
15 36
9 28
34 26
15 21
8 32
21 4
4 20
1 26
12 26
9 31
2 22
10 2
26 35
14 35
27 36
4 19
9 19
1 17
18 32
9 18
13 14
23 20
33 0
4 32
18 4
35 17
10 12
34 31
8 7
0 15
34 3
4 25
16 4
31 11
19 21
29 6
23 13
7 33
9 33
19 14
28 6
11 18
29 21
25 10
27 5
22 14
33 4
21 8
9 30
24 20
32 35
29 34
35 24
26 25
20 10
14 4
36 30
22 27
0 25
18 5
6 23
27 10
35 33
9 21
35 4
26 14
23 22
34 9
33 3
32 19
19 22
6 20
1 8
7 24
2 16
3 36
22 12
28 20
20 32
1 12
11 7
14 32
29 28
12 29
17 32
2 19
16 28
17 5
34 14
2 6
24 26
30 13
35 13
18 0
31 8
21 5
22 7
7 35
7 29
34 24
9 11
21 13
2 21
1 30
18 3
32 36
21 1
14 36
20 0
13 12
34 25
32 16
23 21
22 10
24 4
16 33
25 13
12 11
19 1
1 29
32 23
31 30
13 22
36 22
14 25
6 26
28 5
9 25
29 5
15 23
2 9
12 16
21 12
27 18
32 34
12 34
3 30
22 29
22 30
31 3
23 1
12 35
16 5
26 10
36 31
22 24
16 19
8 13
7 31
16 8
0 27
13 27
36 20
35 3
2 27
22 18
10 24
7 10
3 13
20 2
31 2
1 10
1 22
28 4
10 18
4 23
33 22
1 34
8 35
3 5
34 5
8 23
17 10
9 1
14 0
16 31
6 9
9 26
3 0
36 12
0 24
22 31
17 14
7 1
28 36
1 32
18 7
20 13
14 27
10 4
23 29
0 32
7 32
9 13
2 23
14 33
28 10
21 32
25 18
18 35
30 10
30 27
18 31
0 35
30 23
15 26
24 12
21 26
1 24
32 5
13 29
2 35
10 6
33 32
1 2
0 21
16 23
35 34
20 15
32 25
16 27
22 11
29 30
30 6
7 2
33 2
0 12
19 18
4 26
25 21
28 26
11 23
17 11
27 19
26 7
32 27
17 21
30 7
26 17
22 20
6 27
36 0
17 18
6 21
1 0
13 33
27 11
13 5
29 33
2 8
18 30
30 25
3 23
35 5
0 22
6 11
13 11
19 33
10 9
24 13
23 9
25 6
4 11
31 5
25 29
1 3
20 16
29 36
9 35
36 26
36 17
3 2
12 8
6 31
0 28
7 20
13 19
20 9
13 36
20 34
2 30
15 17
1 14
3 24
7 0
31 20
29 31
4 9
9 0
25 27
10 11
7 5
28 32
15 5
6 18
21 33
32 30
29 9
31 19
1 6
24 5
15 28
4 30
18 16
0 4
13 28
13 16

37 648
4 1
19 2
4 3
5 4
23 5
21 6
0 7
28 8
19 9
8 10
21 11
18 12
21 13
24 14
18 15
7 16
4 17
21 18
23 19
3 20
0 21
5 22
21 23
7 24
6 25
0 26
16 27
12 28
19 29
16 30
19 31
19 32
36 33
28 34
0 35
26 36
5 21
3 30
28 10
8 0
31 35
22 13
6 24
14 8
36 19
23 30
36 24
24 25
26 14
8 29
27 31
23 27
22 27
5 35
8 5
6 17
4 11
30 10
15 19
1 21
20 9
30 17
23 17
17 18
12 21
35 12
33 10
30 35
30 20
31 14
4 9
6 10
23 20
33 25
17 0
24 8
33 27
10 11
28 11
20 34
30 24
17 27
19 11
1 36
33 31
1 3
24 1
7 20
30 34
27 1
4 12
35 16
16 0
36 27
17 22
29 24
1 23
21 25
28 1
9 8
3 17
29 13
35 24
10 21
35 15
28 30
10 0
29 23
22 36
25 36
4 10
34 13
32 3
34 24
16 8
34 15
13 28
6 26
30 13
15 26
30 29
12 1
33 8
13 26
17 24
13 12
30 27
24 13
25 22
6 3
17 9
20 8
35 9
9 15
5 16
21 7
6 19
13 32
1 16
9 7
25 27
20 14
6 36
23 9
5 18
13 27
11 23
8 27
36 21
10 1
16 31
7 11
25 29
13 31
25 23
15 27
31 22
11 32
34 18
1 8
3 0
22 18
11 17
34 33
26 5
35 26
11 24
29 4
17 19
26 22
23 32
30 4
17 29
35 18
31 4
35 13
35 21
20 4
1 9
36 29
8 30
30 0
4 6
18 2
5 29
2 12
16 9
34 11
10 2
28 33
23 6
2 27
13 11
22 32
4 25
12 16
13 1
8 6
9 36
22 33
14 15
2 13
34 21
15 12
33 1
32 33
15 4
24 21
22 0
19 14
21 26
13 16
34 36
23 22
5 30
15 21
11 14
36 16
31 29
11 31
25 30
14 23
16 18
24 22
32 6
20 21
31 6
5 20
20 36
28 24
13 36
17 20
31 8
28 27
29 7
34 26
3 8
5 36
26 18
18 25
32 31
33 0
4 8
15 25
12 10
20 0
23 18
7 10
11 30
21 2
19 26
34 25
3 31
31 1
20 25
9 25
30 31
28 16
12 22
16 6
29 26
3 7
15 23
24 0
20 19
33 7
24 3
36 28
13 10
7 15
9 29
14 30
30 12
35 14
20 33
28 31
3 15
17 8
23 33
18 27
24 4
10 14
11 33
31 2
33 13
4 7
15 28
14 5
5 11
30 36
26 24
16 21
10 16
22 28
17 1
22 15
14 13
3 28
29 27
11 0
11 6
27 35
3 5
26 30
25 8
12 17
24 18
29 2
26 12
25 17
20 24
32 35
22 30
32 2
12 36
18 29
19 33
18 30
35 8
32 12
1 18
31 25
7 12
17 15
36 31
25 12
15 33
18 19
9 13
28 18
16 34
4 34
6 7
5 1
25 5
28 23
28 25
27 21
19 0
26 20
24 19
28 19
12 3
7 34
26 9
14 33
34 10
11 35
1 6
36 0
17 13
14 2
2 8
13 15
9 2
2 30
17 16
35 1
22 29
5 0
7 36
8 11
34 17
21 3
6 35
1 7
29 33
22 10
31 9
6 27
3 10
23 7
19 12
33 9
34 29
17 28
16 4
26 8
11 22
15 0
34 9
27 34
18 31
4 26
17 33
31 5
20 2
32 36
25 11
32 30
12 23
23 10
32 8
33 12
7 18
9 27
32 24
14 6
25 35
29 12
4 28
8 21
18 33
22 8
3 29
14 17
18 36
34 12
36 17
12 5
10 24
10 15
11 36
20 12
11 3
2 0
12 27
14 36
7 17
31 12
26 10
22 20
15 31
6 34
18 0
29 14
2 23
20 16
33 26
13 20
15 32
35 34
1 25
9 10
19 27
23 24
25 0
10 25
33 2
31 10
32 21
34 8
11 2
30 1
9 3
35 7
10 17
15 16
24 33
16 29
15 6
20 6
15 11
35 28
13 18
26 27
5 9
3 36
1 26
20 27
19 21
4 35
22 1
20 29
29 11
31 0
2 4
16 25
7 22
15 20
1 14
33 5
11 9
23 34
12 0
8 13
34 3
20 32
5 24
6 12
20 28
9 18
10 32
23 31
8 36
16 33
26 25
20 18
30 7
29 6
21 4
28 5
5 19
4 32
3 13
9 0
32 5
28 32
3 23
32 1
11 26
25 3
4 36
3 2
29 0
13 4
15 30
8 19
14 27
3 33
28 2
7 25
35 36
28 26
6 0
21 29
11 1
14 25
33 30
16 2
5 2
22 16
19 30
15 5
9 6
29 1
1 2
1 0
6 13
3 14
32 16
5 27
23 26
16 3
8 18
5 13
31 7
22 14
19 25
30 9
29 28
22 19
3 27
3 19
14 16
7 32
19 16
8 23
13 0
32 27
12 9
32 26
22 3
32 17
9 21
34 0
24 16
23 16
2 7
10 5
27 24
2 22
7 8
26 2
21 30
31 17
13 7
23 13
15 8
28 9
2 25
17 2
26 31
32 9
28 14
26 7
14 7
30 6
21 31
34 32
11 27
33 6
29 35
21 17
17 5
2 35
3 26
24 12
33 35
33 4
21 14
27 0
14 0
34 14
15 1
18 3
23 35
6 18
7 28
20 35
20 1
11 20
10 36
15 36
34 2
12 8
4 22
2 15
32 29
21 22
32 0
32 18
5 34
31 20
6 28
10 29
35 17
35 3
25 32
4 0
19 4
21 33
26 17
2 6
19 10
19 13
11 12
14 12
28 21
4 18
7 27
23 36
13 25
24 2
6 5
20 10
15 24
19 1
10 35
24 31
26 16
24 9
10 27
1 34
7 5
14 9
4 14
16 11

37 648
9 0
31 1
25 3
14 4
19 5
14 6
29 7
25 8
16 9
18 10
33 11
5 12
10 13
33 14
10 15
12 16
31 17
2 18
14 19
2 20
25 21
31 22
18 23
14 24
2 25
18 26
12 27
30 28
2 29
8 30
18 31
29 32
20 33
14 34
9 35
18 36
23 36
21 0
35 0
30 20
8 19
17 13
22 14
4 33
17 2
36 35
34 4
9 8
7 24
9 11
17 8
27 28
36 19
17 27
20 1
30 23
0 27
20 14
5 35
26 5
24 29
12 8
33 18
22 29
11 1
17 35
5 3
4 3
32 23
32 1
4 19
31 6
0 10
34 9
29 17
17 36
15 35
3 24
18 16
19 20
6 33
36 16
10 23
1 2
0 12
11 17
11 24
14 2
16 15
13 6
20 16
24 2
10 8
14 35
12 13
18 34
23 8
31 33
17 5
20 7
26 15
20 21
31 2
34 15
6 8
32 7
17 32
7 8
14 12
10 9
11 2
9 6
18 15
3 13
0 15
20 18
28 24
24 26
5 14
4 29
26 7
16 14
23 3
23 16
7 28
21 9
28 18
20 23
28 36
33 22
23 24
20 5
24 22
27 2
31 24
17 0
24 32
27 8
23 25
32 4
5 13
18 17
35 32
36 12
10 32
33 25
5 2
36 10
24 30
17 4
11 27
32 36
10 28
0 11
8 14
35 21
21 22
32 8
34 31
3 10
27 5
8 5
32 28
26 4
29 19
0 7
21 32
19 24
11 12
30 16
30 10
25 11
36 14
20 36
0 2
24 18
20 12
35 2
7 12
28 35
8 15
34 1
7 33
7 3
33 35
10 20
14 17
9 23
14 32
19 30
15 7
4 22
19 26
36 2
6 19
19 9
13 20
3 2
23 33
5 28
32 12
29 20
27 21
13 9
3 17
30 3
34 11
7 22
31 20
1 13
26 13
8 0
20 17
8 33
19 34
9 33
18 30
8 11
32 30
12 34
16 4
26 29
36 7
3 16
31 30
9 28
26 11
4 18
35 30
6 15
5 32
32 31
26 31
18 1
10 31
19 21
0 24
8 3
5 11
29 25
28 23
6 35
7 30
7 27
0 34
25 4
16 34
21 24
18 22
32 9
1 0
19 0
6 12
6 27
5 30
22 32
27 36
30 6
1 22
20 27
1 26
15 12
13 18
9 5
6 17
19 7
6 25
1 30
35 11
11 15
31 16
9 22
27 18
36 13
4 23
6 23
22 15
5 7
30 12
6 0
25 30
34 21
15 33
3 28
25 1
0 22
6 24
6 5
17 12
23 17
10 2
4 9
33 10
27 23
5 1
29 12
20 11
32 19
20 4
28 8
26 28
5 18
25 16
13 32
7 11
5 24
6 21
9 26
1 6
18 0
31 0
9 1
16 26
22 17
27 29
26 25
13 7
36 1
1 27
15 32
4 31
9 2
27 15
21 2
27 31
1 4
25 36
7 23
23 29
13 27
23 35
27 3
9 20
16 33
12 24
26 2
3 33
6 28
3 22
5 22
35 22
33 2
30 26
19 12
13 31
36 31
3 11
19 2
13 35
28 2
6 11
15 4
3 31
25 28
14 10
24 4
31 14
18 21
35 20
18 12
21 15
35 8
8 4
16 5
22 23
3 35
31 29
14 13
33 27
25 20
25 17
23 11
13 30
24 17
15 29
12 10
30 29
30 14
25 32
19 31
34 23
24 9
9 7
36 22
21 11
16 19
16 2
5 10
28 4
35 18
7 21
21 8
26 32
5 4
12 23
10 21
30 36
26 10
22 20
11 18
27 16
33 21
23 1
13 19
34 6
30 34
4 2
3 29
28 11
24 35
36 9
29 9
32 2
18 29
29 16
36 8
10 17
1 12
0 32
5 31
26 27
15 23
3 12
12 31
18 25
18 19
31 15
28 15
15 20
15 9
25 10
33 13
25 27
6 32
6 2
31 23
10 11
22 11
33 19
15 2
6 26
5 15
32 16
5 34
20 26
20 3
24 10
0 29
4 12
13 2
33 0
10 27
26 23
3 21
1 15
3 36
34 36
27 4
9 12
36 5
15 36
8 31
22 2
26 21
21 23
34 26
24 15
7 35
14 28
34 20
13 15
17 9
22 6
23 14
32 18
31 28
23 13
27 35
35 16
14 21
16 7
16 8
31 25
20 32
31 9
22 10
11 36
22 26
24 25
30 4
19 27
6 18
1 8
11 19
29 14
12 2
18 7
29 34
7 2
17 26
27 9
34 33
20 28
0 28
32 33
10 35
16 10
3 9
5 21
16 28
36 24
30 2
31 11
26 8
34 10
10 7
22 34
9 30
7 6
6 20
21 28
23 5
22 16
7 4
16 24
3 14
35 34
14 9
5 29
16 1
22 27
25 5
23 2
17 19
1 35
15 17
4 36
29 28
10 1
20 0
19 1
1 24
0 14
25 13
29 6
19 25
0 5
10 29
6 16
21 1
35 12
6 10
26 12
4 6
34 2
31 35
34 24
11 14
8 2
27 24
25 15
24 33
31 7
21 12
3 1
23 19
1 14
29 35
33 5
36 29
18 9
35 25
26 14
1 17
25 7
32 34
8 34
21 29
7 17
4 10
8 22
28 1
3 0
33 17
36 21
16 17
15 14
32 27
3 19
0 36
36 6
17 28
33 29
22 12
7 34
3 15
14 7
29 8
0 26
24 8
4 11
6 3
29 13
20 24
22 28
19 35
33 1
22 19
19 15
34 27
34 3
34 25
28 34
30 11
11 29
18 3
19 28
4 13
13 24
33 26
25 14
30 21
33 36
3 32
11 32
14 18
13 11
22 30
4 35
20 8
25 22
0 16
12 25
28 33
4 21
34 13
0 25
28 13
9 25
16 11
21 16
30 15
16 13
4 0
29 1
30 27
21 31
17 34

37 648
7 0
24 1
21 2
15 3
21 4
12 5
21 6
21 7
22 8
29 9
6 10
25 11
29 12
16 13
15 14
35 15
21 16
21 17
34 18
35 19
31 20
21 22
16 23
30 24
21 25
29 26
14 27
0 28
31 29
31 30
21 31
12 32
7 33
30 34
11 35
20 36
15 36
8 14
3 12
20 16
35 14
26 15
10 14
19 12
25 1
9 8
33 9
1 12
27 32
34 12
12 26
5 18
31 12
33 22
24 11
10 34
8 2
30 7
29 28
32 33
7 29
8 5
0 11
9 34
25 20
13 12
35 23
26 11
24 4
9 18
7 19
19 3
30 26
34 28
13 34
23 12
13 7
13 22
24 17
9 25
2 14
10 13
28 10
30 19
20 28
19 5
7 3
18 24
9 35
19 25
8 35
28 6
26 27
6 8
13 30
19 29
3 18
5 20
7 32
10 29
5 0
11 16
8 20
6 19
16 14
7 14
28 18
1 36
17 27
0 4
17 32
35 1
17 2
20 32
23 32
28 3
16 22
1 10
33 35
31 0
27 18
29 16
16 28
28 21
33 30
23 6
14 21
29 36
32 31
23 5
4 7
35 13
15 5
7 27
15 12
0 21
19 16
19 4
8 19
33 19
18 15
11 13
34 21
5 35
17 10
14 5
36 11
16 5
17 14
5 30
29 21
19 18
26 10
9 27
0 30
8 13
34 16
2 30
35 25
14 3
14 1
1 6
22 0
33 21
36 3
20 22
6 32
1 28
26 21
23 26
25 6
12 7
5 25
17 7
18 4
24 34
1 29
19 27
26 31
10 18
15 4
36 33
14 4
26 4
24 27
16 6
9 6
34 35
20 27
15 32
8 4
1 18
24 19
36 24
20 17
20 29
20 21
23 29
2 6
6 15
33 23
26 7
33 8
34 0
23 31
27 1
2 31
33 26
33 5
5 13
6 4
24 28
7 9
9 19
14 19
28 8
5 28
27 10
5 24
35 29
15 9
15 30
27 34
12 20
9 36
8 11
34 6
20 13
19 34
13 36
36 6
17 0
8 21
25 26
24 25
9 23
13 26
1 15
19 23
34 33
6 30
0 16
6 33
29 3
12 8
30 17
36 17
12 2
24 3
32 24
5 26
2 1
35 31
0 33
3 23
35 21
2 0
17 3
36 25
15 21
24 35
30 11
14 9
10 3
22 17
16 30
0 8
33 28
4 27
10 8
4 32
25 13
27 21
28 26
27 13
20 4
7 11
15 2
22 9
15 24
10 32
12 25
32 8
4 29
35 3
17 15
28 17
22 32
13 28
31 1
20 11
3 20
1 32
10 21
0 35
36 5
18 31
25 27
1 33
34 2
3 8
18 16
11 29
26 1
22 3
23 13
15 19
28 11
18 13
10 9
4 36
6 11
16 27
9 16
8 7
22 24
20 7
3 21
31 6
19 1
0 10
10 11
18 33
4 10
18 23
5 9
35 16
29 14
15 20
23 25
14 28
23 20
26 24
30 21
36 19
13 3
13 9
23 1
12 28
11 22
17 4
7 36
14 30
31 28
29 22
22 4
2 16
0 25
31 22
25 16
27 33
1 13
10 12
30 20
26 36
15 8
23 36
34 29
24 16
14 23
17 33
36 8
8 26
34 14
12 0
28 27
20 10
25 3
0 18
0 36
1 22
35 2
6 26
19 10
33 25
23 0
27 2
2 19
25 7
31 17
1 5
3 30
3 6
36 16
34 20
9 26
36 34
35 17
0 9
25 14
9 31
24 31
12 33
18 11
36 12
32 35
10 22
9 17
32 19
30 12
34 4
31 19
9 1
7 31
29 30
7 10
35 30
31 8
0 27
19 11
12 16
24 14
22 18
27 36
13 33
16 31
6 7
4 31
12 21
12 35
22 35
29 17
11 21
5 34
32 26
30 4
34 26
28 9
17 23
4 33
4 25
2 24
20 18
2 7
16 17
35 10
29 18
36 21
2 23
27 6
28 4
2 22
8 29
2 26
16 7
4 11
4 23
13 6
2 11
27 23
6 17
0 19
17 12
6 20
9 12
18 36
4 2
3 26
5 21
7 24
35 7
26 35
35 18
17 18
11 31
19 22
13 32
32 2
23 28
5 17
8 16
14 26
7 22
17 26
22 27
1 4
17 25
33 11
13 4
23 15
32 16
29 27
4 3
22 6
32 34
2 28
29 5
34 1
32 3
8 27
12 22
11 27
12 4
29 2
23 21
2 36
18 2
13 21
14 12
10 33
22 14
29 32
32 14
25 18
9 24
24 21
28 22
23 30
29 25
22 36
20 26
3 33
10 15
32 9
29 13
7 23
13 15
29 6
34 17
20 33
33 15
15 28
15 22
3 0
11 17
17 13
13 2
24 10
1 7
22 25
11 5
18 12
5 31
14 36
14 13
7 28
35 4
18 21
32 18
31 3
25 2
8 1
10 30
28 36
5 27
32 36
13 0
34 11
4 5
20 19
18 8
30 28
19 21
11 1
36 30
0 20
14 31
25 32
22 5
25 28
5 3
16 1
34 3
28 35
5 10
11 32
22 26
14 20
17 19
5 6
32 21
19 13
12 11
15 25
16 33
9 21
6 0
24 6
9 20
30 1
11 9
24 33
19 28
25 30
33 2
23 8
3 27
13 31
7 5
12 6
16 15
32 0
30 9
17 8
32 28
16 4
10 2
18 30
24 29
26 0
20 1
10 23
17 1
23 22
24 20
31 15
34 22
11 23
31 25
24 12
31 36
33 14
0 15
1 21
33 31
10 36
14 18
15 11
27 12
10 31
27 31
5 32
25 10
10 16
6 35
15 7
14 11
15 27
1 0
2 5
34 15
29 0
14 0
13 24
31 34
2 9
6 18
1 3
30 22
14 6
26 19
8 30
26 16
11 3
4 9
7 18
34 7
23 24

37 648
34 0
25 1
21 2
1 3
33 4
34 5
26 6
31 7
32 8
25 10
25 11
26 12
14 13
9 14
36 15
1 16
15 17
29 18
16 19
15 20
9 21
9 22
22 23
9 24
9 25
23 26
9 27
16 28
15 29
25 30
21 31
9 32
11 33
32 34
20 35
9 36
11 2
24 20
8 20
0 29
13 34
35 25
32 20
3 33
4 0
14 12
6 10
14 21
22 8
7 22
10 30
0 11
25 16
5 23
22 35
21 1
23 8
24 6
35 14
0 14
4 25
33 10
11 21
24 30
14 11
19 27
14 25
4 3
3 13
35 33
11 8
5 32
2 14
11 7
18 34
0 1
8 15
25 28
12 35
4 5
35 6
24 5
7 15
4 15
35 16
1 5
27 7
16 7
18 19
6 13
32 35
10 9
1 12
8 3
2 35
19 25
1 35
35 24
10 4
3 7
18 5
3 12
36 3
12 33
6 9
31 6
14 28
35 5
15 3
35 19
4 32
27 17
5 14
34 24
10 20
0 19
12 20
7 0
21 24
33 2
18 15
4 1
27 5
1 11
4 18
21 15
19 26
15 35
10 17
12 23
21 33
33 13
36 6
10 23
6 2
14 32
11 9
13 22
33 18
30 8
17 8
4 27
18 35
5 9
17 7
4 26
32 17
19 5
25 21
0 13
26 10
35 23
6 19
2 15
3 31
7 6
2 26
13 36
35 17
36 16
18 31
3 17
10 22
28 19
15 27
18 24
20 2
32 23
1 34
33 6
35 0
34 26
29 1
13 26
10 21
31 10
34 22
26 5
36 4
33 34
14 17
20 4
30 21
28 27
21 17
20 16
29 23
34 29
12 9
34 20
27 2
34 31
30 6
22 32
16 32
30 26
19 1
5 33
8 18
3 2
5 36
1 30
13 27
23 7
36 11
31 4
35 31
19 34
20 6
33 28
29 24
6 25
1 24
34 25
8 0
8 21
7 26
31 2
30 35
1 2
14 36
22 12
20 30
16 0
25 13
26 36
36 25
20 27
27 24
18 14
6 8
26 21
36 19
26 15
0 27
31 16
0 22
34 3
25 12
31 19
28 12
25 20
22 6
13 7
4 14
21 29
20 11
13 15
3 20
15 10
32 33
13 8
6 28
0 18
16 22
7 19
8 26
13 11
30 16
36 12
26 3
1 13
1 22
26 29
25 17
21 36
27 23
21 16
12 29
34 8
5 13
29 3
11 5
14 10
19 2
5 29
32 29
31 22
24 15
25 0
10 19
24 28
35 28
29 22
12 30
33 22
4 22
3 14
29 11
21 27
22 14
34 12
28 9
28 10
28 5
24 25
12 0
32 3
0 5
22 28
32 15
33 25
5 7
23 20
16 29
24 3
26 9
7 2
30 36
32 30
15 19
7 29
22 36
29 6
3 19
36 35
27 8
10 16
36 8
29 13
26 18
31 0
2 34
5 17
4 16
19 22
24 26
35 10
17 0
33 7
15 9
12 27
14 15
19 24
34 11
10 13
20 18
14 1
4 8
1 28
26 14
23 4
36 18
1 18
14 19
30 28
23 9
17 34
0 10
0 9
11 26
31 25
20 9
12 13
21 4
5 6
17 20
18 17
28 11
18 6
3 9
2 16
29 31
12 32
31 17
30 18
33 23
13 28
25 32
17 26
16 3
10 34
8 25
1 20
30 17
18 28
30 34
8 1
13 18
36 31
0 33
6 16
20 21
36 17
11 6
15 34
34 9
17 6
11 12
23 19
2 24
23 31
3 30
22 26
8 10
28 29
0 6
33 26
4 2
31 28
7 9
28 21
34 7
16 9
26 27
12 2
21 0
33 30
16 18
4 17
6 27
32 13
24 16
8 9
18 10
26 20
5 2
15 23
26 0
17 12
1 15
23 36
20 13
8 14
34 36
6 12
7 35
24 4
33 36
3 21
25 22
27 29
30 5
2 9
36 28
18 9
4 19
13 16
23 18
3 28
18 7
11 19
30 23
25 5
10 24
36 24
5 31
22 30
35 34
8 35
36 29
10 3
23 21
15 11
31 9
36 1
19 33
31 30
16 27
18 3
30 9
20 29
20 7
8 19
16 8
1 6
5 21
34 14
22 17
17 16
14 33
29 25
10 1
13 21
33 8
18 22
15 30
25 26
35 27
12 4
36 2
30 4
0 20
32 21
29 17
6 15
32 31
29 9
17 24
25 23
29 19
18 32
2 23
1 27
7 14
28 23
19 13
3 23
4 9
11 24
25 2
27 22
1 23
20 19
27 33
16 14
31 12
30 29
20 28
30 7
12 5
21 34
11 32
7 36
7 21
16 5
20 22
21 35
26 28
10 5
19 12
30 11
35 13
14 31
1 7
13 4
30 19
0 28
36 20
18 2
28 34
12 10
6 3
31 1
27 30
8 5
32 19
2 22
15 28
24 13
16 26
12 18
32 0
7 32
23 24
35 4
14 6
17 1
32 24
15 12
16 33
11 3
30 14
3 27
32 27
13 30
27 18
31 11
13 9
25 3
7 4
2 10
36 32
28 4
13 17
4 6
22 15
5 20
21 6
32 2
32 28
8 12
23 0
29 14
33 15
0 15
17 23
22 11
8 31
34 16
11 10
25 15
36 10
25 27
28 2
8 29
25 7
23 6
7 10
27 36
3 5
16 15
35 26
24 22
0 36
11 16
13 31
27 34
7 8
15 5
2 8
29 10
31 24
33 20
26 31
4 34
0 30
35 11
1 26
32 1
7 12
11 18
17 9
31 33
32 26
14 23
11 17
31 20
2 0
17 2
27 14
18 21
27 10
6 32
22 3
19 9
22 21
21 12
5 22
25 18
21 19
31 27
3 35
23 34
28 7
13 2
29 33
12 16
24 7
3 0
11 4
29 35
24 0
33 24
35 9
12 24
14 24
33 17

35 97
24 0
28 1
22 2
9 3
11 4
2 5
33 6
16 7
13 8
26 9
9 10
33 11
21 12
21 13
19 14
13 15
9 16
23 17
25 18
16 19
33 20
33 22
4 23
31 24
31 25
11 26
24 27
11 28
13 29
2 30
33 31
25 32
21 33
19 34
26 13
2 23
0 26
24 8
32 29
25 11
31 20
33 28
25 1
31 26
16 12
7 21
23 7
31 12
26 27
11 14
23 8
5 18
17 8
6 4
7 1
19 24
6 31
15 20
11 17
34 11
18 26
25 16
10 5
6 26
25 6
22 28
32 8
30 22
6 11
16 10
15 32
34 25
14 21
9 18
3 32
19 2
13 5
31 32
6 24
27 15
6 29
5 17
34 21
10 27
5 19
22 21
28 25
5 8
29 28
9 30
4 18
0 33
25 19
15 8
18 3
3 15
12 6

35 97
26 0
30 1
30 2
32 3
32 4
17 5
25 6
11 7
1 8
33 9
11 10
30 12
29 13
1 14
16 15
12 16
10 17
30 18
30 19
30 20
25 21
7 22
15 23
14 24
30 25
11 26
30 27
30 28
17 29
11 30
20 31
1 32
10 33
25 34
22 9
30 13
9 12
31 29
26 10
19 27
33 25
34 1
17 13
7 18
23 11
29 10
14 5
6 12
2 18
23 33
29 14
32 19
20 6
25 8
15 12
33 4
24 16
27 23
3 22
25 1
8 12
22 2
31 4
25 32
26 3
4 25
17 14
32 26
0 5
29 24
31 17
10 32
16 33
23 3
10 27
28 33
15 20
16 28
26 19
25 11
3 31
22 0
27 21
5 11
14 11
23 12
24 26
23 26
6 4
17 2
25 19
24 0
30 26
30 0
24 10
7 27
8 13

35 97
5 0
30 1
0 2
8 3
17 4
7 6
29 7
0 8
4 9
0 10
10 11
33 12
34 13
8 14
24 15
34 16
13 17
26 18
30 19
30 20
4 21
0 22
21 23
30 24
5 25
1 26
30 27
30 28
27 29
4 30
1 31
34 32
2 33
5 34
24 26
19 32
32 23
14 31
18 31
8 21
27 17
33 4
11 0
13 27
1 27
12 24
8 19
18 0
32 24
13 21
9 18
32 11
2 28
34 8
23 5
12 2
22 3
27 32
9 24
24 5
7 26
22 15
26 5
32 5
25 26
9 5
21 27
19 26
19 2
8 28
12 19
19 11
16 24
7 21
17 10
20 11
9 7
2 21
0 21
33 20
31 19
13 22
7 32
29 13
24 11
23 34
32 30
30 11
28 3
30 3
4 14
10 21
3 5
27 14
7 18
34 3
1 8

35 97
0 1
27 2
21 3
13 4
10 5
1 6
18 7
29 8
10 9
29 10
13 11
4 12
29 13
17 14
23 15
31 16
29 17
8 18
32 19
29 20
26 21
17 22
10 23
0 24
0 25
1 26
0 27
21 28
1 29
13 30
26 31
13 32
13 33
10 34
28 4
33 27
8 24
27 14
33 15
31 29
30 8
18 21
6 4
8 17
12 7
34 4
22 23
28 27
27 12
17 20
7 19
16 14
7 10
21 6
28 13
30 22
7 30
3 10
29 23
18 20
19 10
28 9
18 6
2 12
24 4
15 7
14 24
21 33
5 27
1 10
19 28
8 9
30 15
8 7
33 1
1 34
13 19
17 4
1 19
3 15
18 11
3 0
15 22
7 28
32 0
17 33
17 25
6 30
30 18
28 15
14 9
1 32
11 16
7 3
26 19
5 20
33 4

35 97
7 0
30 1
26 2
13 3
30 4
7 5
32 6
26 7
28 8
0 9
28 10
8 11
13 12
30 13
3 14
26 15
17 16
27 17
33 18
26 19
13 20
31 21
3 22
0 23
22 24
8 25
28 26
5 27
31 29
7 30
7 31
17 32
28 33
18 34
12 16
34 13
9 33
7 2
30 24
0 11
5 18
18 20
24 18
13 7
11 13
14 29
17 2
20 5
5 25
24 17
24 3
6 11
14 26
3 25
27 26
5 0
15 5
23 34
7 14
7 9
27 19
8 24
34 19
17 5
17 22
8 3
12 2
24 20
22 21
25 32
10 34
32 21
6 30
24 16
12 21
15 13
20 23
32 29
13 22
19 12
21 13
29 15
1 22
0 2
10 3
29 24
25 7
19 8
14 30
16 10
30 28
10 20
34 5
10 6
33 16
34 7
25 22

48 481
37 0
44 1
39 2
37 3
17 4
47 5
46 6
31 7
23 8
45 9
31 10
31 11
3 12
29 13
33 14
1 15
5 16
47 17
32 18
43 19
34 20
18 21
41 22
31 23
14 24
7 25
11 26
47 27
11 28
31 29
47 30
36 31
11 32
44 33
37 34
0 35
32 37
5 38
11 39
33 40
18 41
37 42
12 43
11 44
4 45
9 46
36 47
13 16
18 5
14 6
46 45
3 31
9 13
11 1
0 45
26 0
19 21
11 41
6 26
44 20
37 17
29 46
34 33
4 18
46 36
22 9
46 24
11 6
7 35
30 20
12 21
22 45
11 43
32 22
22 12
30 8
26 21
24 44
26 35
47 34
44 47
34 7
7 27
18 33
15 30
16 2
21 45
24 36
27 6
14 25
41 10
45 31
43 13
42 36
11 13
42 7
35 8
42 10
46 19
43 36
30 13
17 45
21 31
44 6
5 36
10 43
14 12
16 12
44 31
16 26
42 35
47 25
15 26
32 10
35 44
18 20
14 10
3 42
5 44
29 36
16 44
41 32
21 14
34 21
21 16
21 35
35 1
35 9
31 8
16 37
40 37
17 2
40 30
18 38
28 9
31 38
38 36
29 24
12 28
19 5
27 42
22 20
22 10
20 21
44 29
21 15
9 4
22 28
30 14
1 16
40 0
19 42
32 39
31 20
27 10
16 10
4 41
31 1
33 9
46 5
16 19
41 17
24 9
41 13
17 7
8 13
10 1
38 41
44 19
35 47
33 13
27 21
32 36
44 39
32 31
45 13
28 33
5 6
9 31
29 7
3 6
34 19
7 28
14 20
21 29
46 35
18 29
14 32
27 40
32 25
10 29
43 29
22 43
5 21
22 46
37 7
40 35
20 35
10 25
26 37
42 47
3 30
41 36
5 11
26 25
2 23
0 28
31 30
28 14
38 7
18 46
9 18
3 45
18 6
10 21
47 15
37 6
38 11
44 32
31 33
25 20
37 11
13 6
14 45
0 5
23 10
5 27
31 12
21 24
5 28
17 5
41 31
23 34
27 23
28 34
4 21
1 9
2 30
45 1
8 22
31 27
0 33
10 28
32 34
40 4
16 27
35 38
14 39
21 22
28 4
42 34
4 42
5 24
43 5
5 39
14 46
11 24
16 9
34 9
7 12
18 17
29 28
12 30
4 11
4 16
17 20
43 44
39 3
23 12
17 13
47 4
5 9
6 24
15 38
19 36
27 34
32 46
12 19
22 34
33 3
21 43
46 28
9 15
32 21
33 42
37 12
38 20
4 30
22 2
19 26
4 25
6 34
12 17
26 9
3 35
47 43
40 3
46 41
27 20
30 17
47 16
35 41
19 37
27 30
47 2
0 43
12 35
1 6
40 9
16 40
28 27
16 8
14 38
41 43
7 41
37 10
44 23
13 2
46 11
47 9
2 38
3 11
17 39
9 6
28 6
46 15
44 14
46 16
7 21
15 41
27 26
8 36
40 20
42 28
32 7
21 33
21 38
33 4
15 33
14 11
11 27
20 41
37 20
23 1
10 3
33 12
30 36
19 20
13 28
34 4
32 45
25 40
18 37
6 41
6 39
31 42
28 2
9 42
17 16
24 45
2 32
37 36
5 25
39 12
33 37
33 29
0 36
14 17
41 44
9 25
25 19
16 18
11 45
28 8
39 1
6 25
10 11
8 11
14 18
30 26
41 14
2 8
21 30
35 2
33 43
14 23
5 40
15 45
4 26
35 4
27 0
35 33
46 10
38 30
9 10
12 41
2 41
40 44
22 6
19 3
45 20
40 43
24 31
1 43
3 41
14 7
0 22
29 22
31 28
38 46
7 44
1 29
2 44
30 5
30 9
47 20
7 20
3 9
13 7
15 28
37 28
21 39
47 11
27 13
23 25
26 36
12 26
43 42
1 4
38 43
29 34
28 45
30 16
9 2
15 31
46 33
18 27
3 36
43 14
39 36
19 11
41 39
35 23
18 30
0 9
15 37
44 4
45 34
26 28
45 42
29 8
41 33
19 22
24 10
16 24
1 46
28 3
11 7
42 38
9 23
43 9
19 9
1 0
5 31
25 1
32 17
4 22
14 29
40 8
23 46
24 20
28 25
19 35
1 12
33 38
3 29
29 47
23 43
33 8
26 7
28 32

48 481
44 0
8 1
19 2
22 3
14 4
36 5
23 6
27 8
14 9
12 10
12 11
27 12
27 13
16 14
47 15
7 16
46 17
11 18
10 19
12 20
9 21
13 22
41 23
32 24
21 25
1 26
7 27
41 28
7 29
47 30
9 31
40 32
41 33
6 34
21 35
27 36
0 37
13 38
45 39
16 40
1 41
3 42
7 43
43 44
36 45
24 46
13 47
45 10
28 3
27 0
25 32
2 41
23 33
22 41
23 25
5 1
22 44
13 4
27 43
26 2
26 30
45 22
6 13
40 9
34 26
5 2
40 30
23 27
35 47
8 0
23 26
1 6
17 3
8 37
8 23
35 20
35 10
28 0
4 17
29 40
18 46
42 24
36 20
45 32
25 22
29 1
24 3
38 33
15 5
5 20
17 19
39 25
35 37
15 26
14 19
12 40
18 5
43 14
45 11
8 16
38 46
15 14
10 26
22 10
20 6
35 7
28 33
28 35
38 43
43 13
21 38
19 23
35 19
47 18
12 9
9 41
17 34
33 37
43 3
42 26
36 38
22 38
45 21
29 16
12 4
17 11
9 0
47 32
21 10
13 5
27 26
15 46
37 28
14 28
13 11
4 26
1 9
41 31
0 24
39 33
1 24
42 7
34 29
20 40
14 44
40 19
32 7
20 2
47 24
5 42
31 34
17 16
1 38
30 19
19 5
5 47
2 18
23 14
30 13
46 30
5 41
4 25
37 26
27 3
42 47
45 46
18 41
38 25
40 0
12 35
28 39
37 16
24 27
23 45
0 4
18 33
42 32
34 46
3 25
19 13
30 2
3 10
8 10
13 28
41 27
18 42
45 7
16 1
38 8
11 38
25 6
24 14
20 4
27 14
16 31
0 17
4 18
30 39
18 15
4 46
3 41
4 33
42 15
11 37
43 41
28 19
44 9
3 35
31 20
17 5
24 23
28 15
8 34
25 12
10 47
15 40
16 2
25 17
17 45
35 6
26 21
44 6
44 27
13 12
10 40
16 25
38 37
0 19
17 18
15 43
16 30
38 40
11 34
33 27
47 3
39 46
32 43
19 29
46 21
2 39
17 30
46 6
1 33
23 35
5 44
37 25
43 6
44 31
35 36
40 18
41 8
32 12
10 44
28 45
47 36
0 31
27 35
15 30
22 43
9 36
3 9
40 42
24 40
35 22
29 18
41 7
18 32
12 44
20 27
30 1
38 18
6 15
28 5
47 31
12 36
35 13
8 13
30 24
2 10
19 8
43 30
34 9
39 47
4 28
37 39
43 9
21 47
3 44
38 7
6 30
43 16
43 21
17 13
10 18
5 9
29 10
29 2
3 37
20 7
5 43
14 7
3 5
16 39
10 16
40 5
15 19
13 44
40 35
25 44
14 42
21 39
2 35
11 30
17 38
25 40
31 4
36 25
29 41
0 29
5 4
11 14
10 0
33 9
43 19
11 44
24 29
40 36
45 34
23 38
28 6
10 7
45 31
11 27
33 7
29 42
30 31
11 20
24 4
18 7
43 39
12 22
19 22
21 34
37 1
4 7
4 22
2 3
25 46
2 1
36 30
43 45
32 14
27 4
32 30
27 38
0 39
3 16
46 14
17 8
11 39
44 17
11 7
30 10
38 3
14 0
45 37
42 25
43 20
42 41
12 41
38 30
39 18
4 35
38 44
24 22
11 22
5 8
29 43
39 29
21 4
19 20
30 44
30 23
44 41
35 16
37 44
29 38
9 27
35 31
34 44
23 43
27 42
11 26
39 10
44 47
16 11
14 26
45 18
10 33
40 2
2 7
43 47
44 28
27 40
27 39
22 16
35 39
36 32
12 38
16 12
25 34
10 1
15 4
35 24
5 22
9 2
23 5
15 7
15 0
8 22
9 38
1 27
12 29
28 26
28 34
31 8
45 3
40 14
16 36
34 7
29 28
20 21
5 31
32 0
17 42
9 19
42 43
23 17
36 23
3 46
44 1
34 35
40 26
28 24
11 29
29 4
15 39
29 14
0 43
0 21
9 18
3 14
18 13
26 44
46 29
33 35
3 0
12 1
37 5
32 1
47 17
22 39
24 8
34 0
39 9
33 26
25 11
18 1
41 36
13 46
12 34
30 5
38 47
6 27
46 11
39 36
19 47
42 33
26 0
41 20
24 45

48 481
18 0
20 1
13 2
37 3
25 4
45 5
20 6
5 8
25 9
30 10
21 11
24 12
25 13
27 14
0 15
11 16
7 17
7 18
0 19
17 20
31 21
6 22
20 23
7 24
7 25
1 26
31 27
45 28
31 29
39 30
17 31
37 32
44 33
20 34
24 35
31 36
44 37
17 38
20 39
45 40
44 41
18 42
38 43
21 44
21 45
14 46
39 47
21 12
32 20
34 45
13 19
10 26
28 32
39 42
20 12
1 25
4 12
33 38
14 15
38 8
19 25
29 14
4 2
9 32
36 1
10 11
30 5
21 17
6 23
45 42
47 43
33 9
41 21
34 25
30 38
37 43
30 24
36 20
24 25
16 22
34 24
47 23
4 6
38 9
8 46
34 10
33 34
0 39
37 0
47 11
16 21
8 6
46 3
1 45
10 7
33 19
41 38
38 40
17 28
2 30
39 44
1 14
36 42
13 7
30 28
0 34
11 9
45 37
22 13
10 42
33 2
26 28
17 6
40 1
17 9
4 29
14 6
20 31
20 37
47 42
34 16
9 13
35 42
9 16
6 28
46 7
19 3
29 0
43 13
28 18
25 20
47 2
23 22
34 14
10 37
30 23
44 14
32 36
20 7
4 3
3 10
47 44
38 28
37 42
22 39
28 43
2 42
12 40
44 3
23 28
33 22
20 44
23 24
19 30
46 9
32 41
47 7
8 3
6 31
18 25
8 16
17 13
14 25
20 15
32 25
37 38
0 24
41 19
1 31
25 47
9 44
32 47
27 5
18 37
15 33
18 32
30 4
11 12
35 27
9 7
9 37
47 17
12 42
24 27
15 31
23 33
21 0
39 37
17 27
41 47
36 5
23 13
17 16
35 15
46 44
2 23
43 2
4 34
45 0
40 16
1 12
1 23
33 30
24 10
39 9
38 46
44 18
32 40
4 5
23 36
2 7
3 18
45 27
27 22
32 21
36 9
18 13
36 45
14 31
11 4
41 42
35 21
43 30
27 19
39 32
40 3
30 15
44 4
21 6
0 4
30 47
23 43
8 32
35 33
45 18
34 13
22 21
10 36
34 6
23 4
0 27
8 7
18 17
31 0
28 41
27 15
3 41
28 13
23 29
34 40
24 28
38 6
8 31
32 30
11 43
30 17
41 37
31 9
12 10
23 16
18 10
5 21
21 38
11 0
15 34
47 24
31 43
5 25
45 3
34 31
21 2
41 18
25 17
3 30
27 40
10 1
30 6
13 32
1 9
47 14
12 35
34 37
9 29
15 45
6 7
32 24
25 42
44 19
31 30
9 47
4 8
37 29
47 0
10 16
13 10
28 14
11 46
2 5
17 45
20 11
40 9
1 44
11 42
28 39
12 13
47 36
3 38
31 19
17 40
12 33
18 34
19 34
42 14
1 18
4 20
3 5
33 45
47 34
1 32
11 24
16 4
19 18
0 17
12 17
11 40
47 18
38 1
30 42
36 35
1 39
11 41
36 41
12 19
37 40
12 28
19 32
27 47
40 22
47 29
25 37
43 21
22 37
31 37
34 1
18 43
42 8
45 7
3 28
39 7
4 45
3 34
37 21
23 14
1 43
21 36
14 13
9 19
36 6
9 6
43 20
37 23
45 22
27 13
16 20
41 13
15 13
6 43
20 13
30 34
34 42
44 8
39 35
14 4
2 1
28 47
14 18
14 33
42 16
41 31
2 41
16 12
41 17
29 8
12 47
15 37
41 24
27 30
0 1
8 2
41 45
32 4
16 33
26 19
29 3
0 14
6 44
13 39
37 35
17 32
21 10
19 35
38 11
40 10
23 38
46 37
2 17
13 5
17 11
30 21
34 26
46 1
31 2
11 28
18 30
47 10
14 20
42 7
35 4
38 20
25 10
11 15
11 8
14 10
36 4
35 16
37 1
45 35
41 8
30 25
4 39
5 7
8 39
23 17
9 23
38 34
5 23
30 7
12 15
40 30
27 12
0 7
27 34
15 5
47 8
14 11
2 12
6 41
36 44
33 46
25 40
22 9
2 27
23 7
45 11
8 33
10 6
34 46
6 3
43 19
33 18
12 7
26 44
14 30
29 6
8 25
32 0
4 9
12 14
38 26
18 12
39 18
13 1
5 43
5 11
29 44
14 38
26 13
28 10
22 2
43 24
6 1

48 481
1 0
16 1
21 2
4 3
25 4
26 5
22 6
14 7
5 8
11 9
32 10
31 11
42 12
14 13
21 14
5 15
21 16
1 17
25 18
2 19
16 20
33 22
13 23
25 24
16 25
41 26
14 27
1 28
34 29
0 30
2 31
47 32
31 33
6 34
2 35
38 36
30 37
22 38
19 39
13 40
21 41
6 42
41 43
6 44
32 45
40 46
21 47
22 17
31 16
3 34
4 27
41 12
20 25
23 43
31 46
35 38
41 8
8 32
18 7
29 39
17 31
2 42
45 6
41 24
39 24
31 35
23 27
22 20
1 44
16 24
35 8
10 23
47 39
35 21
0 34
23 2
44 28
35 0
24 36
39 23
13 30
45 10
35 1
4 15
16 15
24 42
38 15
9 6
43 20
20 45
38 26
22 9
37 0
10 43
35 9
1 20
42 37
2 40
10 2
39 34
14 37
8 46
45 34
2 25
37 24
35 20
22 10
4 23
45 30
19 3
43 30
28 0
2 28
4 5
12 3
34 5
7 8
17 47
24 14
28 10
37 38
45 13
24 0
7 44
12 21
42 23
28 27
19 5
30 7
44 45
24 19
26 17
42 0
47 5
5 0
19 36
41 6
20 34
30 3
19 13
37 18
19 40
0 17
14 26
12 19
3 44
17 36
32 25
20 9
45 9
11 7
41 42
23 33
37 8
30 24
47 13
44 11
47 31
34 44
43 4
3 14
11 32
30 47
13 35
12 30
35 3
20 36
2 13
14 20
29 5
19 4
1 13
11 47
24 31
32 14
28 41
38 42
12 24
39 4
37 2
29 27
0 4
44 4
40 29
28 13
27 43
22 32
22 24
31 27
41 44
18 27
39 9
35 34
36 16
32 29
31 29
6 26
38 19
25 36
27 11
13 33
26 0
47 35
22 35
15 43
23 15
26 21
10 1
32 26
39 20
30 18
35 19
9 21
32 12
27 9
4 14
26 13
30 28
24 3
41 7
42 30
20 5
28 12
18 8
37 32
17 11
11 28
30 31
35 14
24 46
2 9
17 29
47 43
43 21
44 21
15 7
24 5
3 20
43 9
25 17
34 14
28 8
16 30
27 21
44 27
11 33
31 45
3 18
15 31
27 2
46 13
2 0
9 31
11 1
0 45
23 26
18 42
3 16
32 0
10 3
11 24
19 29
17 2
36 13
47 14
40 33
4 6
8 29
18 45
43 37
28 34
12 29
2 39
10 12
46 6
29 26
33 37
27 12
23 35
11 39
3 38
35 42
33 32
1 19
36 18
30 39
10 42
27 26
22 19
47 28
29 28
46 14
46 27
28 14
25 12
30 26
32 42
31 26
26 44
30 25
40 24
46 21
5 14
36 8
45 4
41 2
33 30
38 0
14 19
34 7
20 18
18 1
25 45
31 44
7 24
6 47
13 0
17 6
15 34
22 39
20 24
0 46
43 13
31 28
41 30
27 35
38 10
30 35
42 47
15 37
28 6
9 28
43 24
2 12
0 47
6 21
11 26
18 12
25 3
44 13
4 16
20 44
15 20
27 17
20 19
6 35
32 38
47 44
35 15
16 40
0 6
45 23
3 28
3 46
16 26
37 6
13 12
12 46
2 5
1 22
11 42
30 23
27 24
10 40
37 22
13 4
30 14
27 15
20 32
37 23
42 44
46 23
27 19
3 21
33 5
32 30
1 6
2 14
19 42
10 11
26 42
41 17
38 6
24 44
34 13
22 29
8 33
1 5
12 16
23 3
31 21
33 24
29 14
6 15
26 33
1 3
25 9
20 33
37 36
40 6
23 5
34 33
41 5
30 2
46 7
28 20
12 26
24 35
12 11
19 10
22 30
36 11
25 37
9 23
13 42
45 39
22 46
43 5
47 36
27 6
15 8
45 43
11 0
8 9
28 36
45 8
0 8
14 44
19 37
33 43
41 37
47 8
25 39
8 24
31 10
33 41
44 43
33 6
29 4
23 21
9 46
16 39
27 33
18 10
7 12
6 32
32 16
10 24
16 0
17 45
35 10
17 23
38 34
3 13
32 35
8 39
15 14
36 10
44 39
40 38
16 44
37 20
6 29
15 17
31 8
41 3
38 18
43 46
44 19
35 41
27 0
36 22
8 21
8 13
35 7
12 14
33 21
40 20
38 4
32 15
33 25

48 481
9 0
41 1
9 2
35 3
47 4
13 5
18 6
8 7
13 8
13 9
27 10
26 11
13 12
27 13
43 14
12 15
21 16
25 17
34 18
34 19
21 20
0 21
39 22
26 23
13 24
38 25
32 26
35 28
18 29
9 30
42 31
34 32
29 33
9 34
9 35
0 36
10 37
32 38
34 39
36 40
39 41
26 42
6 43
6 44
36 45
36 46
16 47
29 28
3 41
32 37
30 1
7 44
11 23
28 36
18 44
0 44
0 13
41 34
17 27
6 19
35 43
1 46
17 32
16 38
47 2
19 27
45 15
9 38
9 12
29 22
26 7
2 26
0 4
33 40
42 11
17 23
45 3
15 25
29 26
42 4
1 27
30 18
11 4
28 30
1 23
2 31
24 12
28 2
14 2
38 15
16 39
44 46
45 13
33 34
41 27
40 3
33 10
35 26
7 42
38 10
31 33
19 40
24 15
47 9
12 27
26 20
6 33
43 0
40 29
29 2
21 27
4 7
47 38
43 29
15 7
44 27
34 10
11 34
1 33
15 11
32 45
13 47
26 17
34 6
13 37
13 7
31 23
24 46
28 43
1 43
45 19
25 7
24 34
45 11
10 8
34 31
42 18
15 2
10 24
45 7
12 4
32 2
16 33
33 3
38 3
15 22
45 29
16 32
37 20
6 5
5 16
24 9
44 38
46 45
2 43
18 39
1 17
28 41
44 41
21 45
17 33
14 38
19 35
32 4
34 14
9 8
26 33
13 6
22 24
10 22
18 1
26 0
31 0
36 3
32 27
9 42
3 31
5 0
22 21
26 16
5 28
10 23
42 8
2 21
21 1
4 27
11 28
30 7
44 2
42 27
36 11
18 41
36 34
43 11
8 28
12 47
24 19
41 6
24 20
13 31
36 7
17 41
36 16
42 13
23 27
29 30
5 21
33 23
41 25
2 20
40 8
7 27
2 25
20 25
43 36
13 26
28 1
38 30
46 17
31 36
26 36
15 16
14 39
30 26
46 5
23 15
37 8
38 31
43 16
8 16
41 13
2 42
28 12
21 41
41 15
39 12
36 32
40 46
28 44
13 19
37 5
31 7
14 10
11 24
8 15
26 10
37 34
22 27
47 1
45 4
28 24
42 16
6 26
35 10
19 26
37 17
2 8
1 5
4 40
21 30
24 29
38 21
46 41
24 32
4 43
22 40
1 22
15 3
40 41
7 2
36 25
13 10
31 35
5 9
8 35
19 36
40 38
8 32
10 45
1 38
30 34
4 20
47 30
23 12
44 1
22 37
47 22
40 28
28 9
1 4
44 16
25 13
37 3
2 16
28 16
15 19
16 1
20 23
3 16
9 18
7 33
40 14
42 46
3 10
6 1
40 24
35 7
24 31
38 37
47 27
31 30
30 15
35 37
35 2
43 32
44 21
12 3
38 24
7 38
20 6
5 33
42 0
30 32
45 9
21 12
26 3
41 42
28 21
41 30
26 5
47 36
33 46
22 5
11 38
17 14
8 43
1 11
17 36
6 31
4 30
25 30
46 20
1 37
24 36
6 3
21 37
30 33
17 34
5 27
31 39
37 36
18 4
1 7
9 26
9 4
26 44
4 37
2 39
6 16
0 27
36 35
11 16
44 43
11 32
39 38
21 8
21 14
34 28
14 33
18 17
43 45
23 46
0 24
11 7
30 46
31 47
39 47
39 45
4 13
17 20
41 23
39 17
3 4
16 22
34 22
47 44
8 29
32 21
18 3
22 12
1 39
15 14
16 45
20 42
30 23
38 28
3 29
33 27
41 38
40 39
24 33
44 8
26 22
23 44
7 40
0 37
34 43
5 35
29 15
21 7
9 27
44 10
40 20
20 22
11 47
12 38
3 8
3 22
42 12
16 27
31 18
31 20
12 7
13 14
30 8
1 24
20 0
42 22
34 1
20 47
28 15
39 5
22 17
25 27
24 4
44 36
44 3
46 39
10 42
24 26
47 18
36 10
6 37
41 20
38 27
43 7
39 28
35 32
24 7
41 32
13 16
3 23
25 28
12 31
29 10
44 37
23 8
15 37
36 21
2 13
32 25
12 46
28 31
31 4
21 35
8 22
24 27
15 40
37 43
47 29
25 37
20 14
43 9
11 33
28 32
39 10
41 26
15 39
18 16
9 21
36 1

50 234
22 0
3 1
21 2
18 4
24 5
21 6
3 7
34 8
27 9
7 10
7 11
10 12
22 13
25 14
38 15
17 16
7 17
3 18
17 19
24 20
11 21
21 22
21 23
10 24
7 25
49 26
12 27
42 28
17 29
3 30
26 31
33 32
38 33
24 34
38 35
22 36
18 37
11 38
40 39
49 40
38 41
20 42
48 43
23 44
14 45
3 46
21 47
46 48
21 49
5 25
39 41
42 21
19 23
5 4
7 45
35 13
24 17
1 24
18 12
12 24
36 45
41 48
47 5
20 22
43 26
18 38
30 28
43 28
2 8
10 17
4 42
14 36
47 4
21 27
46 32
17 30
40 42
34 21
46 47
17 25
41 45
16 4
8 44
45 4
37 2
0 8
7 41
48 17
31 14
40 32
35 44
17 20
4 28
9 3
49 16
13 19
12 47
13 28
21 36
43 1
0 46
16 43
41 15
5 8
14 9
48 31
10 35
37 12
21 14
35 12
46 40
4 26
37 39
2 43
32 31
1 39
17 49
0 21
8 23
33 3
46 45
26 32
36 24
35 25
38 21
34 23
28 6
46 15
47 33
1 44
16 36
34 9
22 15
10 30
28 24
2 46
13 9
1 20
14 6
2 24
30 12
27 13
37 6
11 46
19 43
27 6
9 22
45 27
32 3
25 30
41 1
33 26
29 45
46 26
41 11
4 48
34 0
15 11
47 20
49 15
45 28
38 3
28 25
4 13
10 29
33 18
48 28
34 30
35 3
24 8
35 21
15 12
29 28
38 12
9 8
11 10
37 48
24 42
23 46
2 29
12 26
13 7
36 39
26 9
26 3
39 38
22 19
30 21
28 46
39 47
30 46
32 39
15 47
34 40
48 49
36 41
11 36
19 35
40 18
22 41
45 31
20 32
41 26
21 19
18 42
21 20
8 30
5 30
12 29
11 22
0 33
30 16
6 34
16 46
9 16
36 35
18 20
6 39
8 13
39 48
45 44
20 49
8 40
12 3
28 3
35 37
19 42
4 3
34 27
47 28
45 17
32 37
27 19
29 27

50 234
33 0
33 1
35 2
35 3
22 4
40 5
34 6
5 7
11 8
25 9
48 10
46 11
22 13
7 14
24 15
39 16
45 17
38 18
37 19
33 20
30 21
40 22
46 23
2 24
33 25
48 26
20 27
32 28
2 29
22 30
35 31
46 32
12 33
42 34
33 35
25 36
17 37
40 38
31 39
35 40
31 41
46 42
12 43
43 44
46 45
31 46
36 47
5 48
12 49
36 42
18 29
35 27
37 8
28 44
33 40
22 37
41 20
44 5
11 49
29 31
21 23
1 4
1 29
24 10
9 10
31 28
40 12
6 26
34 25
9 17
37 12
14 20
49 24
31 48
33 14
4 29
29 5
36 20
42 44
28 41
16 48
46 1
10 20
33 48
35 45
25 12
4 15
45 19
10 49
11 43
30 40
13 1
49 25
17 41
37 18
19 7
8 12
45 33
17 32
0 19
10 3
2 16
7 47
11 15
48 42
32 7
11 18
23 22
48 22
9 24
9 11
49 14
3 34
19 24
40 15
16 28
16 10
47 43
21 46
3 18
46 15
24 21
44 16
34 46
47 32
9 26
10 29
21 28
16 42
6 12
14 23
3 0
19 41
28 46
48 49
5 45
40 39
47 12
2 15
19 3
13 17
9 29
47 13
45 47
36 22
49 3
17 35
14 47
32 12
6 11
10 19
43 13
20 11
38 28
28 9
46 39
25 0
27 46
8 7
43 18
30 24
25 39
26 24
11 37
34 27
43 22
38 46
16 24
3 8
47 30
47 49
19 36
38 0
4 49
39 45
9 14
36 21
0 48
10 45
40 19
5 18
21 26
4 11
38 20
23 1
47 26
28 24
5 4
27 44
5 25
17 5
39 12
1 19
10 32
44 22
42 47
21 47
41 45
6 8
28 17
11 36
23 12
38 32
3 6
7 16
18 14
42 21
1 8
43 46
13 26
42 38
38 13
11 48
36 14
33 46
1 3
42 29
46 2
18 20
43 49
34 1
7 29
10 44
0 2
41 6
35 21
32 8
28 36
23 24
22 25
36 18
19 8
36 2
23 4

50 234
9 0
26 1
7 2
2 3
18 4
49 5
45 6
12 7
38 8
26 9
26 10
47 11
48 12
3 13
22 14
9 15
21 16
3 17
14 18
45 19
9 20
35 21
7 22
35 23
9 24
17 25
14 27
49 28
35 29
35 30
18 31
10 32
2 33
24 34
45 35
44 36
12 37
35 38
9 39
1 40
34 41
43 42
31 43
3 44
15 45
48 46
36 47
38 48
30 49
10 33
22 1
35 33
29 26
11 49
17 39
24 4
35 37
49 35
35 32
13 40
2 29
30 31
19 44
16 41
35 26
5 41
28 5
47 19
16 22
9 21
3 37
41 13
6 43
0 7
35 13
30 28
16 38
45 47
0 38
24 28
49 45
7 23
12 6
37 8
37 45
22 39
23 34
27 11
12 29
14 33
45 18
41 26
42 14
6 37
43 18
31 35
8 35
48 1
4 15
23 48
5 48
25 45
6 25
16 48
27 17
20 37
16 39
33 12
23 26
38 4
21 32
42 21
45 44
11 23
23 45
10 1
14 39
23 31
25 15
35 25
22 42
20 46
43 41
17 33
5 37
25 1
44 39
42 7
5 3
6 28
21 31
6 11
42 2
29 24
21 0
6 42
13 36
36 8
47 39
42 24
0 13
34 7
39 4
1 4
43 47
13 38
15 8
0 33
42 15
24 13
11 12
24 20
17 43
29 7
9 43
20 21
36 23
20 8
36 28
38 28
7 35
48 19
40 27
19 14
19 21
28 22
44 20
19 16
24 48
33 6
22 24
35 5
4 32
0 10
16 33
14 26
41 33
48 0
9 36
37 17
22 36
33 21
43 37
20 10
10 12
23 42
40 34
8 5
11 5
27 42
42 32
13 45
32 17
40 22
49 13
21 5
12 43
30 19
29 17
41 47
5 20
27 21
14 35
28 42
25 31
38 27
39 38
24 5
40 23
29 14
8 11
36 2
4 14
35 42
36 25
35 15
22 32
14 34
4 37
21 30
25 7
31 22
11 21
5 27
20 42
10 36
43 2
1 44
32 37
11 37
8 34
16 11
17 31
29 38

50 234
18 0
18 1
41 2
5 3
37 4
30 5
34 6
3 7
18 8
1 9
11 10
8 11
35 12
0 13
34 14
16 15
11 16
1 17
38 19
18 20
3 21
36 22
46 23
11 24
8 25
42 26
18 27
41 28
8 29
1 30
34 31
18 32
22 33
9 34
29 35
18 36
33 37
3 38
11 39
36 40
24 41
33 42
32 43
11 44
46 45
38 46
10 47
11 48
8 49
46 0
12 29
0 39
15 18
5 18
2 23
15 19
16 19
39 30
12 44
43 18
32 20
8 28
23 4
36 25
49 19
37 18
19 24
29 6
34 8
5 37
41 37
47 30
16 1
31 18
26 29
25 22
38 22
13 27
10 38
25 32
42 12
4 46
35 0
26 14
16 49
22 30
32 48
41 39
22 7
15 44
24 40
0 28
30 45
25 33
36 9
20 36
12 32
38 9
25 28
27 14
0 12
41 12
25 30
25 41
45 9
25 23
40 4
47 48
4 30
16 9
38 21
21 37
48 6
25 46
27 41
22 2
49 46
39 1
32 5
8 3
23 27
47 24
16 10
44 40
8 14
27 6
36 19
33 18
27 26
44 0
42 9
4 0
3 49
8 23
49 28
41 20
36 12
44 41
31 2
36 44
34 28
46 27
33 15
16 35
1 38
17 32
48 2
31 7
8 48
41 11
22 23
40 16
44 19
46 26
31 47
34 46
29 9
11 18
24 31
37 24
32 16
34 17
33 46
5 47
41 18
25 40
14 18
49 10
22 26
13 10
22 41
23 41
33 39
30 7
28 40
39 48
46 32
47 22
12 18
12 5
24 36
3 2
39 20
36 1
6 40
0 45
47 0
49 30
26 39
30 32
40 5
26 38
14 31
41 0
0 5
0 40
27 9
16 8
1 24
34 3
0 30
43 0
13 19
15 21
17 45
7 17
36 0
40 23
32 13
13 46
17 47
33 7
39 16
33 0
30 20
42 14
46 2
43 7
1 35
13 35
13 43
1 14
9 48
49 18
11 22
46 12
13 49
47 1
16 42
20 4
25 0
32 29
4 28
40 26

50 234
24 0
37 1
3 2
46 3
48 4
4 5
13 6
35 7
29 8
37 10
42 11
2 12
38 13
17 14
18 15
26 16
24 17
27 18
46 19
11 20
25 21
46 22
43 23
42 24
41 25
37 26
9 27
5 28
9 29
41 30
30 31
34 32
36 33
24 34
3 35
17 36
46 37
26 38
47 39
44 40
22 41
3 42
34 43
48 44
46 45
9 46
41 47
3 48
24 49
39 41
36 9
3 36
33 26
10 7
6 0
23 25
10 23
8 39
39 13
34 48
18 21
24 13
28 39
0 8
8 25
6 37
17 6
49 47
25 4
6 31
21 33
6 26
48 49
18 47
7 8
21 43
45 47
7 13
23 34
4 20
33 44
19 22
4 14
23 48
49 28
13 42
3 45
41 33
2 41
21 28
20 8
24 4
43 13
34 30
21 39
25 31
8 32
42 22
1 33
25 36
28 15
43 49
7 41
48 8
5 37
7 28
11 21
40 7
22 33
10 44
48 6
39 2
36 8
24 47
20 39
14 19
44 22
5 32
8 9
13 0
19 38
48 43
35 27
13 17
29 15
4 31
22 47
5 12
48 15
4 7
18 29
25 2
30 1
30 23
29 23
26 49
8 27
48 31
16 23
31 10
36 7
33 16
17 39
30 13
40 27
2 4
20 36
22 36
7 22
44 30
7 38
44 38
11 6
20 30
21 4
20 9
21 41
22 2
25 28
46 16
26 43
8 18
39 26
42 46
28 9
34 46
17 43
21 13
11 40
21 22
6 29
7 0
33 28
31 24
25 47
33 12
44 31
19 41
45 20
21 1
15 12
38 30
32 26
32 24
29 25
16 15
29 10
22 15
46 43
30 37
14 30
31 20
45 44
42 0
38 22
24 21
35 38
41 40
27 19
38 3
15 27
36 39
7 14
6 4
10 34
15 30
37 22
2 13
39 42
20 29
15 46
27 37
3 17
28 18
16 30
28 41
29 44
15 0
12 9
2 16
49 39
26 34
6 34
22 4
7 24
35 44
40 21
1 34
44 24
27 48
33 35
25 27
0 34
38 17

50 763
27 0
33 1
12 2
17 3
6 4
19 5
39 6
20 7
13 8
30 9
31 10
8 11
46 12
28 13
45 14
40 15
27 16
6 17
46 18
39 19
16 20
46 21
6 22
13 23
43 24
39 25
36 26
2 27
12 28
17 29
38 30
28 31
40 32
2 33
47 34
46 35
46 36
42 37
39 38
28 39
46 40
36 41
33 42
8 43
46 44
46 45
21 47
40 48
12 49
37 25
42 0
8 19
21 4
19 43
18 21
1 15
42 44
23 9
8 12
13 6
39 31
4 1
7 31
20 5
41 31
0 11
35 31
33 38
38 1
26 27
7 33
43 46
40 45
41 17
26 11
10 11
35 22
34 6
32 21
15 32
5 15
8 4
7 30
38 44
16 46
24 18
5 6
22 13
49 35
19 20
17 25
19 37
18 25
17 35
1 41
37 23
10 34
16 38
14 44
1 31
30 46
22 17
37 16
48 45
28 34
44 0
26 9
14 18
4 36
47 46
30 40
22 41
40 13
21 14
18 32
36 38
31 27
29 7
25 22
16 12
38 17
34 17
6 10
2 11
33 0
31 29
18 44
22 23
10 21
24 6
25 27
30 6
44 45
45 18
7 41
34 5
12 45
3 26
4 34
19 33
5 25
35 24
43 26
39 7
0 3
44 39
27 17
6 0
48 20
41 0
47 30
29 43
5 33
13 44
15 8
29 25
31 48
26 4
23 42
48 6
2 35
35 6
37 0
41 32
40 8
43 13
17 13
2 18
7 22
27 48
25 12
16 10
16 30
17 46
49 1
20 14
18 22
8 45
20 35
45 11
8 9
36 15
19 29
3 34
31 36
32 5
19 31
0 1
31 15
48 22
43 16
24 10
10 13
14 31
11 19
19 9
14 48
41 40
43 22
37 18
33 39
42 36
26 10
12 39
45 9
18 34
32 49
27 49
8 1
18 12
28 25
39 46
38 13
44 4
22 8
0 5
21 8
20 1
27 43
16 7
41 2
7 40
9 25
42 43
34 16
9 0
36 27
5 16
10 32
49 10
30 22
36 17
43 25
40 22
32 30
31 30
7 25
8 31
39 0
26 21
2 0
42 25
40 26
25 19
2 48
29 46
48 16
14 39
49 20
4 46
25 10
40 20
10 41
35 14
20 21
26 29
20 22
7 1
23 16
3 46
16 9
43 37
28 1
33 44
37 21
41 9
43 14
13 49
2 40
14 46
7 14
3 14
6 15
23 31
18 43
28 32
18 48
20 37
29 39
21 30
11 21
7 48
37 49
6 40
26 41
49 5
3 47
17 43
35 25
42 5
5 2
10 1
4 39
35 3
49 31
2 6
36 43
3 31
20 8
47 38
4 24
34 42
13 14
7 46
12 21
12 29
11 23
20 10
31 22
12 11
42 22
1 47
45 49
0 19
43 41
47 5
23 20
45 2
5 22
39 16
6 45
20 31
11 40
18 6
21 9
30 48
42 19
34 8
23 21
35 9
43 39
31 24
3 8
38 46
41 46
37 12
11 28
45 20
31 9
14 15
7 5
28 26
36 48
4 14
5 17
14 29
25 40
35 41
28 6
16 4
42 6
49 33
37 10
32 11
36 5
35 0
17 2
7 45
9 17
25 3
37 7
11 48
25 30
44 6
14 17
30 1
15 33
19 30
15 46
30 35
40 38
45 3
42 20
23 46
25 0
7 27
34 23
10 7
11 33
6 19
15 21
29 35
38 9
28 41
36 2
28 23
0 36
26 25
47 27
27 1
22 14
23 30
29 38
36 13
8 10
13 3
26 12
22 46
39 40
11 1
48 39
40 5
21 44
23 12
12 27
10 3
34 22
17 49
33 47
16 13
10 39
33 26
28 29
37 28
5 28
42 39
1 21
27 15
3 7
25 47
5 41
34 31
14 42
15 13
2 23
42 40
27 41
39 30
3 37
6 8
20 32
28 36
21 48
42 10
49 38
13 7
11 46
44 40
37 15
0 16
34 39
35 7
0 45
44 23
22 3
28 8
33 20
29 2
18 3
45 28
26 35
22 28
23 10
28 30
39 11
47 39
2 8
44 22
12 24
9 3
8 16
1 26
34 7
0 26
45 13
45 22
33 22
0 23
14 27
0 43
37 6
12 30
12 48
15 24
8 44
27 28
42 13
29 36
15 30
1 46
31 43
41 11
12 19
22 27
37 47
47 8
32 29
9 39
35 23
19 4
8 24
0 49
28 19
28 21
29 13
8 41
32 24
36 12
23 14
10 2
14 33
21 31
24 25
20 30
6 46
21 40
5 14
2 7
30 49
41 29
0 31
31 44
29 15
29 30
9 20
19 36
31 45
25 21
45 43
5 30
6 9
39 5
9 47
45 38
0 29
7 24
14 36
29 5
4 32
19 46
29 18
30 26
16 17
1 36
37 8
18 13
40 3
30 27
26 49
44 48
32 25
3 44
36 23
26 14
30 33
21 45
1 3
16 14
16 49
40 47
47 23
44 10
12 1
14 49
23 17
27 4
31 32
8 14
14 40
13 1
38 25
38 48
17 11
44 26
6 1
42 11
10 45
10 48
2 42
48 17
43 10
22 11
47 20
5 31
1 32
42 4
4 15
4 37
20 11
14 11
11 38
24 16
40 37
8 32
8 23
4 23
37 27
34 30
47 31
37 46
30 4
48 28
26 45
15 23
16 18
22 12
34 0
17 24
12 5
33 35
38 43
40 19
17 45
29 8
48 34
19 7
33 46
5 9
7 32
19 45
44 15
11 47
13 19
16 1
1 22
35 10
22 39
8 42
20 27
48 23
49 6
30 14
21 22
17 19
5 26
37 22
48 49
32 22
11 35
24 33
37 2
33 16
5 23
18 27
41 44
7 17
30 2
13 2
24 36
24 44
3 24
6 11
2 47
31 42
9 24
37 1
38 35
15 45
47 17
3 19
39 32
25 46
15 19
42 35
13 4
48 35
39 21
37 41
1 23
27 42
15 11
7 28
3 33
38 34
41 23
13 0
41 20
43 1
4 33
18 4
3 23
30 17
40 36
17 4
18 23
20 3
47 43
14 28
1 14
31 11
21 41
18 42
48 5
20 39
8 18
9 22
3 30
15 28
23 27
3 6
9 13
17 0
47 22
41 12
2 49
33 23
18 19
21 36
1 34
26 31
44 30
22 10
35 16
12 17
38 2
4 29
34 46
3 15
44 2
19 48
5 8
20 18
49 47
3 41
29 34
12 38
44 34
41 39
21 43
18 49
4 7
20 29
10 4
44 27
41 6
10 33
7 12
47 32
27 46
43 23
9 29
43 28
29 37
37 14
9 33
11 18
10 9
2 21
43 2
28 33
32 27
32 45
20 44
13 31
16 47
1 19
3 2
15 9
42 45
34 11
7 0
6 12
22 36
7 21
9 40
23 25
2 19
25 34
47 45
25 13
0 22
9 4
28 38

50 763
18 0
2 1
36 2
36 3
29 4
29 5
46 6
18 7
1 8
32 9
44 10
33 11
0 12
12 13
32 14
37 15
18 16
16 17
33 18
18 19
38 20
22 21
31 22
29 23
7 24
45 25
31 26
43 27
33 28
28 29
45 30
0 31
0 32
44 34
49 35
7 36
29 37
4 38
44 39
33 40
24 41
3 42
12 43
29 44
28 45
28 46
9 47
14 48
46 49
37 33
22 18
0 3
31 16
34 31
17 4
1 5
30 29
8 18
25 22
1 15
47 3
8 32
31 24
8 37
12 45
10 5
6 33
32 12
46 22
37 21
25 15
19 27
44 33
17 7
38 30
37 9
12 33
24 45
6 15
18 41
6 42
27 48
9 20
23 6
5 42
5 13
4 12
8 6
20 23
2 24
48 33
15 10
29 43
48 40
44 2
11 24
4 15
16 13
29 25
10 7
37 14
41 1
39 40
26 48
23 35
8 23
12 9
15 39
14 40
48 32
19 17
28 12
8 12
44 21
46 1
35 46
31 49
44 17
40 2
15 44
44 31
17 20
17 28
27 33
43 10
10 28
29 12
45 26
19 34
4 6
47 28
13 49
4 7
43 3
38 46
47 32
4 40
5 16
47 23
28 31
7 9
29 19
9 15
30 9
12 5
18 13
44 35
20 11
2 31
29 41
49 48
37 49
48 18
16 36
4 47
3 16
6 43
17 13
47 14
28 24
32 15
1 33
36 46
15 21
5 23
46 41
17 25
26 43
21 6
43 4
6 34
2 13
8 28
31 43
45 46
43 40
7 39
18 20
38 11
7 11
0 19
44 19
38 15
1 45
31 1
39 23
5 33
49 42
25 30
47 49
0 28
17 10
11 5
9 33
1 44
7 27
26 10
11 42
49 28
19 31
12 7
40 36
31 47
2 23
31 18
8 13
20 32
8 15
34 10
6 9
26 13
8 39
23 49
35 38
20 48
21 36
9 27
25 7
38 14
36 19
42 30
39 38
46 25
36 13
18 35
35 32
26 25
8 30
9 42
42 1
38 19
42 16
36 10
32 36
44 49
5 18
25 49
26 16
39 12
25 6
28 44
22 15
6 22
10 6
2 20
21 11
38 25
27 42
49 5
15 19
37 2
40 6
12 47
44 25
16 39
12 2
35 13
14 44
13 25
38 21
43 9
3 9
29 42
16 22
49 39
42 4
10 41
38 26
8 20
27 41
8 14
1 48
26 2
20 43
3 34
38 17
26 8
12 27
8 17
48 4
47 39
32 7
46 3
31 5
17 18
16 2
47 11
24 0
29 26
15 36
30 24
40 27
20 45
15 35
16 37
5 38
24 1
20 24
1 49
19 41
16 7
44 24
32 26
48 24
28 26
27 22
12 37
10 27
41 6
44 38
30 17
45 0
36 1
39 30
12 31
31 33
18 40
19 11
34 12
44 46
9 23
13 27
26 9
2 29
44 9
37 11
24 10
10 2
18 2
28 11
20 33
31 7
43 8
10 18
8 29
16 49
12 20
14 9
39 46
18 12
21 26
36 6
12 40
23 46
25 18
3 25
40 10
40 30
22 43
2 48
24 16
44 11
6 30
24 14
22 39
32 43
1 17
11 6
26 33
21 31
16 19
41 40
37 10
24 32
10 25
49 18
9 24
36 35
36 49
32 28
42 14
16 41
35 33
18 38
9 38
29 45
6 13
17 37
29 6
48 37
15 40
36 45
1 40
43 42
3 33
34 22
47 6
24 21
3 30
11 41
3 6
22 41
29 18
27 16
47 27
38 13
15 29
4 45
47 17
47 19
41 15
2 0
35 8
32 33
32 10
22 42
16 23
22 3
40 17
48 3
45 34
13 7
9 22
21 0
11 0
16 43
25 21
48 44
47 22
28 27
8 22
11 43
49 12
2 28
17 12
29 40
7 37
1 28
3 8
42 36
45 48
41 34
9 11
45 18
9 21
25 31
0 29
40 9
34 48
30 31
34 40
19 2
25 43
44 41
1 26
41 14
19 7
19 28
35 12
19 14
46 18
44 20
34 37
45 13
39 48
8 46
11 23
22 24
23 48
48 6
23 4
31 45
40 44
38 36
11 40
32 13
49 0
20 29
11 1
36 8
48 11
10 39
49 38
15 31
22 10
30 32
46 4
16 35
2 6
47 2
46 26
1 22
34 30
41 35
34 20
21 7
25 4
28 13
34 33
47 29
22 45
42 10
24 5
31 41
32 5
31 23
36 20
36 11
25 24
23 28
21 19
45 35
37 36
15 11
45 17
46 32
15 17
40 0
7 44
1 29
5 40
22 36
9 48
16 38
17 22
16 20
2 33
17 34
35 3
6 37
17 35
22 30
43 46
23 27
49 21
14 17
48 15
34 35
41 26
48 43
16 34
10 45
0 27
35 26
32 16
13 11
45 7
40 24
47 24
39 32
34 2
3 44
23 21
34 32
29 49
36 25
12 1
27 44
26 40
37 32
17 49
16 45
1 25
5 8
8 21
9 18
46 31
14 5
14 25
2 39
38 27
31 8
4 44
26 34
6 14
14 29
1 38
37 43
0 15
48 5
42 7
40 46
21 46
44 12
42 25
42 40
27 20
4 28
35 30
3 21
1 0
26 30
39 25
47 18
35 4
32 4
42 2
17 6
41 9
22 26
32 25
38 3
29 10
4 16
12 23
8 33
24 4
27 24
30 5
37 26
10 35
26 4
3 39
40 13
44 43
11 26
46 10
41 38
7 33
29 22
23 30
47 21
6 7
1 14
10 23
13 1
7 2
41 3
29 13
0 33
19 46
41 12
28 42
9 13
47 33
28 7
36 29
18 36
34 29
43 23
42 48
17 33
2 45
17 42
1 35
3 15
22 48
10 49
29 11
36 9
38 7
31 9
36 27
21 40
4 20
12 36
22 4
44 37
0 36
19 49
40 23
39 13
35 31
18 23
39 18
21 29
17 9
9 46
20 13
14 36
10 12
13 43
42 39
14 18
46 47
15 26
27 4
17 48
44 18
14 33
34 24
1 3
26 0
8 34
1 37
14 46
5 15
14 31
28 36
28 22
25 11
20 22
14 28
8 0
31 6
47 20
28 21
23 44
27 25
11 30
15 20
22 49
35 29
8 41
27 46
28 40
17 41
35 48
22 40
23 33
0 23
8 47
19 48
29 9
42 20
40 20
23 7
12 24
12 25
24 3
44 32
2 43
43 7
42 33
0 7
8 42
24 43
1 7
0 44
13 22
9 25
43 28
10 3
8 9
27 45
3 23
39 11
45 3
43 19
13 24
46 17
34 47
16 28
44 36
29 17
34 9
7 5
34 49
5 0
38 23
19 9
46 7
27 14
21 48
49 3
31 27
19 32
43 47
41 2
44 47
48 0
43 1
36 24
13 48
21 33
27 15
13 19
30 4
22 0
27 18
31 13
24 26
46 33

50 763
38 0
27 1
28 2
35 3
25 4
25 5
15 6
41 7
5 8
25 9
38 10
41 11
34 12
4 13
41 14
33 15
12 16
25 17
31 18
29 19
12 20
25 21
23 22
33 23
38 24
35 25
12 26
10 27
42 28
33 29
11 30
25 31
25 32
35 33
38 34
41 36
1 37
35 38
35 39
35 40
35 41
18 42
12 43
37 44
10 45
23 46
31 47
24 48
48 49
13 5
32 17
47 24
33 19
3 14
22 4
23 6
17 47
33 37
6 29
24 31
39 3
26 14
42 19
19 39
19 24
36 45
36 33
39 22
4 30
0 19
20 1
0 34
1 19
19 46
34 47
18 47
6 22
3 38
13 21
3 27
37 26
33 6
25 30
11 48
30 14
0 21
15 23
7 36
32 22
49 2
6 30
46 43
28 1
32 19
24 37
0 17
20 43
41 9
16 30
8 35
2 1
30 33
24 33
2 41
49 39
33 31
34 15
32 37
31 28
18 41
3 8
29 3
28 38
47 15
28 0
39 47
10 46
21 45
26 24
27 15
13 18
0 48
18 11
49 25
34 23
30 13
10 44
29 12
46 2
11 43
1 43
2 4
31 20
23 14
7 44
19 35
42 9
6 35
1 0
41 44
33 41
15 26
42 30
18 30
13 35
4 0
30 21
22 34
44 35
43 39
11 13
36 1
2 23
36 47
41 16
41 1
36 40
17 18
39 17
15 22
1 18
16 48
38 11
15 1
10 20
49 7
25 33
36 49
32 34
25 29
13 6
15 24
30 7
48 32
34 36
10 7
17 43
14 13
20 49
11 3
18 4
38 42
45 38
37 4
36 46
8 31
33 38
48 8
29 40
5 28
9 15
47 19
20 4
26 33
18 44
5 20
7 40
38 49
49 27
2 10
40 39
14 20
47 8
5 49
7 22
36 26
13 12
30 47
13 47
43 7
23 4
37 25
19 43
37 6
44 31
22 40
18 35
25 13
17 41
40 20
38 19
26 21
13 15
18 21
30 17
18 25
31 36
14 47
29 23
2 0
8 19
4 49
41 24
26 40
48 41
4 26
15 3
43 45
27 19
36 38
49 40
33 48
28 9
29 10
23 0
21 41
15 35
16 45
21 48
47 16
45 3
32 45
38 12
24 27
16 49
26 8
14 5
5 26
23 17
3 1
1 30
37 23
17 14
17 19
32 40
40 0
38 7
25 43
28 10
22 21
3 17
6 12
36 24
8 25
31 11
32 35
5 44
7 1
13 2
48 27
23 39
41 30
20 44
15 31
22 13
0 16
34 31
6 41
18 28
13 23
17 28
26 16
22 46
7 33
1 34
40 18
16 14
42 4
36 28
26 39
43 36
5 30
47 43
14 8
19 30
24 35
2 18
10 22
21 19
29 21
37 28
0 47
47 25
27 4
12 3
44 21
45 2
3 43
46 30
43 15
8 32
11 39
2 35
20 30
33 14
49 6
32 4
11 40
16 23
11 4
30 23
49 35
44 48
28 33
38 18
9 27
37 16
11 28
12 48
47 45
34 3
22 30
23 11
34 48
46 11
8 11
38 15
26 34
28 46
48 31
43 24
28 22
45 30
36 20
5 19
24 45
13 26
31 23
6 1
30 10
31 6
36 22
47 48
24 1
17 38
45 48
42 24
47 5
17 8
16 44
28 24
25 39
37 38
15 5
48 36
34 35
29 24
6 24
32 41
4 38
12 30
43 35
9 22
21 32
45 29
44 49
41 34
1 11
7 17
45 19
16 29
37 45
13 31
26 0
10 3
13 33
2 33
9 45
4 33
2 21
1 40
17 45
29 2
8 28
12 35
9 14
25 12
12 4
44 26
16 24
31 35
37 20
0 7
0 11
28 23
32 39
15 48
15 41
42 26
26 43
12 40
41 37
26 11
1 29
1 13
6 44
48 5
48 23
27 8
45 33
24 30
13 36
29 15
12 44
13 43
16 46
14 18
2 24
46 5
2 7
42 8
22 33
37 0
5 23
29 41
8 34
29 14
4 43
49 13
22 24
9 48
28 34
31 2
3 16
45 0
25 28
27 37
33 40
45 5
25 15
4 5
34 37
27 39
15 11
43 48
19 23
22 11
31 17
1 22
49 0
10 8
14 24
12 21
48 10
32 10
19 9
16 27
14 6
37 22
40 8
37 17
22 14
43 2
7 13
26 7
4 36
5 29
14 42
27 13
49 34
9 31
36 0
34 5
19 40
14 10
46 9
45 25
12 24
5 22
42 0
33 0
45 7
27 5
7 29
8 21
41 19
48 14
28 3
23 36
29 34
27 29
20 26
49 14
14 15
24 21
42 41
14 25
42 3
34 13
44 32
45 49
47 32
14 36
48 22
44 42
9 5
4 35
23 25
25 3
1 32
31 4
43 0
40 10
4 29
42 20
43 16
29 35
26 17
9 29
14 2
20 6
6 4
29 47
39 5
48 20
29 0
45 1
9 12
14 32
9 49
37 19
8 41
32 43
4 17
48 7
46 45
21 35
18 36
3 9
13 24
0 30
44 30
33 3
29 42
42 34
0 8
48 40
23 35
18 12
48 37
24 49
29 18
33 39
34 30
16 15
48 13
8 12
36 25
39 4
38 48
32 0
2 20
43 30
31 40
11 34
40 21
6 47
37 39
3 6
44 38
16 28
21 37
34 16
14 31
28 35
34 9
27 25
9 26
47 35
26 30
16 2
37 7
41 13
47 23
31 46
38 39
41 26
33 12
9 33
26 19
14 19
17 22
46 38
28 13
28 30
6 36
11 9
20 3
7 23
2 19
23 41
28 41
44 24
3 7
21 3
40 30
43 42
30 49
11 27
40 37
16 7
36 35
18 7
4 9
44 25
19 6
47 26
39 28
19 16
10 17
21 34
3 32
18 5
24 32
47 22
18 3
29 28
33 21
13 46
15 21
23 3
31 39
17 5
20 47
13 29
43 8
42 16
32 26
3 24
7 42
45 44
48 28
11 20
7 11
21 7
24 25
42 15
49 32
11 5
28 43
40 43
33 20
27 7
25 11
3 26
10 41
9 7
18 39
49 19
5 43
38 20
10 25
19 3
6 40
2 11
29 26
25 16
36 29
38 5
48 3
23 38
37 14
27 41
34 25
46 15
25 6
6 10
16 11
25 40
32 2
11 35
5 2
40 47
27 22
24 7
47 37
41 12
32 5
3 47
9 43
23 10
38 47
14 43
31 7
16 32
7 5
6 18
20 18
9 17
46 40
11 10
3 13
34 20
27 47
8 2
8 36
16 35
16 38
24 39
10 37
28 45
10 35
22 26
2 42
29 17
13 39
36 3
12 46
17 48
26 31
45 11
49 29
12 15
46 48
6 28
38 14
28 14
45 42
0 46
25 48
44 19
9 35
27 45
3 31
10 34
24 9
37 36
29 44
11 24
10 21
19 7
8 30
15 44

50 763
28 0
10 1
34 2
32 3
30 4
49 5
30 6
31 7
12 8
27 9
45 10
10 11
25 12
1 13
17 14
47 15
11 16
30 17
27 18
37 19
34 20
17 21
33 22
46 23
32 24
44 25
20 26
36 27
10 28
6 29
4 31
45 32
1 33
17 34
36 35
21 36
28 37
31 38
6 39
49 40
47 41
44 42
1 43
6 44
17 45
30 46
7 47
17 48
21 49
13 30
39 36
39 25
38 2
39 5
29 18
17 6
26 21
32 37
21 41
5 25
37 12
2 45
3 4
1 20
41 16
21 18
39 49
15 41
41 30
40 42
38 16
8 1
43 39
43 46
4 14
35 38
42 5
0 30
26 9
39 23
5 30
0 37
36 33
27 2
14 27
24 7
41 2
32 15
26 17
41 18
22 19
1 30
37 34
25 11
35 10
20 3
29 46
48 38
26 13
27 6
38 6
0 4
38 19
18 35
44 24
39 11
6 40
4 9
28 43
19 41
10 34
33 4
46 45
44 5
10 31
9 25
2 43
14 37
43 29
13 48
34 14
40 3
12 7
11 46
5 37
47 1
48 25
42 18
36 30
6 14
40 38
27 37
19 30
40 30
11 9
14 8
44 12
11 36
34 41
25 28
40 31
15 45
35 32
46 37
28 9
9 6
29 8
6 13
32 28
37 9
25 40
26 49
26 38
29 36
3 0
0 39
44 49
0 44
5 20
27 16
9 39
42 17
5 46
21 5
14 38
20 30
21 0
32 8
10 27
14 33
44 47
3 30
26 6
16 5
8 28
13 4
9 1
15 1
15 0
48 2
33 24
41 5
37 44
11 37
21 24
23 14
28 26
40 1
22 11
44 14
26 30
44 31
20 48
12 22
1 34
8 20
35 48
31 32
42 45
23 26
22 30
17 19
9 10
33 3
21 37
9 41
42 12
35 16
43 35
36 42
26 43
49 27
4 48
4 12
21 31
17 11
39 24
28 42
21 47
46 24
48 27
7 13
31 39
41 25
29 23
4 21
3 17
44 21
0 48
23 5
18 47
3 23
27 7
13 45
23 4
26 11
31 18
25 30
48 12
27 8
42 25
26 46
28 5
49 19
17 18
42 43
26 33
5 2
9 20
39 29
20 39
4 40
25 21
16 2
42 14
20 42
20 33
7 49
18 34
29 32
49 17
7 23
41 11
25 47
46 48
17 4
49 35
41 32
48 28
32 17
38 36
14 12
16 32
49 30
45 38
31 12
9 3
42 27
43 45
37 29
14 9
39 37
47 35
12 28
27 43
45 37
16 19
29 47
24 36
34 13
21 30
25 49
48 11
49 41
2 33
44 35
34 49
33 43
34 24
21 42
32 1
35 45
40 29
3 27
18 16
41 0
46 14
20 19
41 31
20 32
34 19
24 45
12 11
11 30
0 23
36 6
39 14
9 7
41 1
1 2
22 41
12 27
15 40
47 5
20 11
35 22
37 26
7 0
26 35
44 32
5 13
31 28
42 23
28 20
18 24
22 25
27 25
14 11
24 28
17 13
34 26
18 43
0 31
47 45
43 12
33 30
32 11
48 26
16 40
13 39
47 43
39 38
21 40
5 18
15 4
14 7
27 38
1 38
45 3
19 47
39 22
0 20
35 30
1 31
22 5
21 48
25 16
11 27
4 45
26 18
43 41
4 8
17 36
25 3
28 41
23 44
5 15
27 17
40 10
47 3
28 4
27 1
7 22
14 31
27 19
4 22
9 5
27 4
39 40
10 41
16 1
39 3
35 27
6 48
7 45
36 26
40 28
10 49
41 36
11 15
12 18
7 11
15 33
24 10
15 37
39 16
28 34
24 3
26 19
34 21
27 15
39 8
31 20
24 41
33 13
44 30
31 34
24 43
29 0
21 32
40 34
38 29
29 13
48 31
48 24
31 29
29 24
7 25
6 33
43 49
5 32
22 0
14 13
26 47
1 46
5 7
33 44
46 47
9 34
31 11
41 42
1 42
43 36
47 6
38 5
23 8
24 6
37 47
46 49
38 34
36 44
15 22
3 1
16 15
36 7
18 4
23 24
45 22
7 6
26 15
34 12
7 26
39 45
46 42
35 14
2 23
4 25
24 22
0 38
3 36
37 3
35 17
14 49
36 32
45 26
17 15
7 21
26 2
6 16
17 28
31 13
29 10
16 29
24 15
18 48
29 45
24 2
48 42
35 0
0 19
6 12
6 3
20 6
2 28
18 40
32 9
7 29
4 20
44 41
39 18
29 14
27 20
0 17
11 23
22 20
11 8
21 46
25 0
13 25
14 36
33 42
43 17
34 5
12 1
41 23
3 11
34 47
18 1
15 30
14 47
31 27
41 4
26 29
38 22
9 30
39 30
8 36
12 9
15 10
35 46
25 20
0 1
12 13
43 21
4 10
47 30
22 26
38 3
0 6
25 32
8 7
2 46
27 47
28 1
39 33
8 37
28 27
38 23
1 37
41 29
48 49
12 40
16 24
40 20
40 24
37 10
49 3
15 38
7 3
7 48
15 6
15 39
28 35
13 18
7 42
37 4
31 19
15 28
32 48
26 10
46 7
15 13
20 36
19 12
29 2
25 18
35 9
11 35
8 34
48 23
48 22
41 46
23 1
7 43
29 9
35 3
34 16
37 6
21 12
46 8
15 35
23 6
23 40
42 34
10 47
2 15
1 35
27 41
4 32
37 18
38 8
43 37
38 33
2 6
11 42
11 2
39 21
32 33
7 2
18 46
4 35
29 3
21 2
32 7
8 33
33 28
14 25
2 25
19 40
6 19
45 49
19 35
19 33
45 0
44 20
13 47
34 48
18 0
14 30
40 5
10 23
31 2
48 5
16 42
8 25
16 36
14 45
21 1
5 27
9 23
28 19
15 25
17 12
33 21
16 30
0 46
44 40
0 9
43 19
44 3
9 15
24 17
45 30
34 35
8 21
19 44
38 18
16 12
47 49
14 15
33 34
26 4
16 46
48 39
9 43
44 22
2 42
47 2
6 10
44 38
32 46
32 30
7 41
9 47
24 26
42 10
4 49
16 8
49 1
49 13
16 47
37 36
49 29
23 36
27 30
2 0
22 34
37 30
1 19
4 5
44 27
42 3
31 24
15 34
8 40
24 47
39 4
15 23
7 16
40 9
16 31
16 3
45 33
28 36
11 33
27 26
46 40
16 22
12 3
21 15
14 20
4 6
23 43
2 17
16 28
31 37
49 2
31 46
14 16
36 18
17 31
42 9
3 43
49 28
9 21
16 0
34 0
6 18
37 17
3 13
35 31
49 18
16 48
42 6
41 40
47 42
11 49
27 29
0 13
16 26
38 25
40 35
21 10
27 34
49 31
44 2
16 44
41 17
21 27
1 29
22 46
48 3
35 24
16 21
5 19
29 15
18 32
41 20
38 30
7 20
14 3
19 9
29 22

50 763
0 1
31 2
24 3
12 4
29 5
0 6
20 7
4 8
3 9
49 10
1 11
47 12
36 13
27 14
25 15
7 16
23 17
12 18
26 19
0 20
13 21
10 22
0 23
25 24
6 25
0 26
47 27
47 28
19 29
10 30
22 31
38 32
15 33
14 34
0 35
47 36
12 37
13 38
21 39
12 40
49 41
36 42
26 43
35 44
26 45
42 46
1 47
15 48
1 49
30 28
30 33
12 28
38 29
5 30
35 47
9 10
16 37
44 48
6 23
15 0
38 23
19 4
34 36
38 16
11 45
19 46
24 6
9 25
35 10
10 0
40 10
7 34
46 31
11 37
6 44
2 12
49 20
2 48
24 44
19 0
42 35
46 20
30 4
26 14
33 34
19 32
12 14
39 7
11 36
4 31
33 13
45 24
22 19
49 32
40 34
17 36
5 19
17 30
43 31
38 49
11 24
26 20
10 28
4 39
32 0
4 25
18 0
2 13
43 8
31 47
38 20
34 30
3 45
14 15
20 21
34 9
9 18
43 19
9 45
18 37
32 48
38 1
21 34
46 17
41 7
22 17
27 23
45 48
2 21
22 0
25 37
19 31
37 49
39 34
18 19
36 44
38 24
29 34
34 23
4 28
25 35
35 28
2 34
43 15
44 42
40 37
9 20
33 18
28 18
13 34
26 13
8 3
2 27
39 47
30 20
20 24
25 43
4 41
30 40
39 40
15 39
40 46
40 44
18 38
46 43
23 11
26 30
29 8
32 37
49 18
26 35
40 5
15 13
16 23
18 44
20 42
24 21
38 36
2 20
17 2
40 0
28 9
29 46
2 0
37 48
33 14
46 14
42 18
36 6
13 30
32 34
27 41
30 2
46 0
10 33
25 5
44 10
48 27
39 9
44 1
2 36
27 49
45 5
24 2
27 6
8 44
37 22
18 5
15 29
49 48
8 17
7 38
31 45
22 28
22 45
31 18
42 33
12 39
45 36
38 39
43 22
22 34
48 43
27 31
32 8
29 27
6 5
43 5
24 30
20 34
24 41
28 45
17 33
21 47
24 9
48 38
10 12
48 14
49 45
11 26
14 21
42 32
13 10
21 42
35 34
43 49
12 34
31 26
25 29
35 12
3 49
16 47
15 49
37 0
39 19
14 39
35 2
12 15
1 5
15 23
49 14
8 35
19 35
16 2
29 16
11 38
43 37
39 20
44 47
3 46
47 15
46 47
17 4
27 33
40 28
29 0
9 47
47 11
28 0
3 19
16 33
12 29
22 13
7 28
41 36
10 38
27 26
45 47
43 38
8 42
15 18
14 18
43 18
25 32
41 12
24 42
33 21
14 22
42 22
49 5
28 13
28 27
13 3
5 35
20 10
30 16
40 38
5 15
29 48
6 38
1 24
33 49
14 3
27 22
43 14
7 40
45 37
5 4
11 4
13 14
31 37
4 27
18 6
26 23
1 6
41 5
25 0
42 1
37 36
10 41
28 11
44 14
32 4
18 36
21 9
28 41
48 33
18 21
26 39
42 0
19 44
6 49
15 30
45 18
20 3
32 7
5 2
36 40
42 12
18 20
25 40
27 7
23 3
13 0
16 26
38 44
27 37
32 31
10 31
42 31
7 9
6 2
15 2
13 37
27 1
15 3
10 46
26 21
5 10
13 18
7 49
2 33
1 16
40 2
4 45
5 0
4 1
48 4
10 2
17 27
1 39
3 40
37 5
20 45
41 20
31 25
11 41
40 21
1 23
3 26
10 4
46 15
43 47
14 0
13 49
30 45
43 4
2 41
13 20
4 15
23 31
25 12
31 40
34 0
26 7
39 6
21 48
45 35
37 47
40 24
34 8
9 22
2 39
11 39
48 16
4 6
35 49
45 0
35 33
34 5
20 11
36 14
6 47
43 24
15 36
5 48
46 49
25 48
33 39
19 16
26 9
28 36
3 6
25 16
14 17
23 36
12 0
49 28
49 36
34 49
3 0
45 46
1 29
26 8
25 26
35 39
48 24
45 10
49 0
4 37
20 29
27 5
35 15
12 7
28 8
31 33
27 10
27 32
38 3
21 19
36 35
31 12
6 29
40 4
24 29
3 48
4 13
2 11
19 17
32 33
13 35
3 10
34 19
23 28
19 20
29 4
17 0
22 5
23 37
30 46
19 9
35 1
30 47
37 1
23 42
15 21
4 3
34 6
20 32
32 6
49 44
7 18
47 5
28 26
11 9
16 9
3 1
27 21
6 22
30 6
37 28
15 28
29 22
4 9
20 6
44 27
12 5
7 15
27 45
10 36
49 8
18 40
37 29
8 27
9 29
3 36
9 27
40 42
4 2
30 21
4 0
49 25
8 6
47 42
48 13
6 17
7 37
22 33
5 33
15 32
16 28
32 26
10 11
27 15
48 11
24 49
3 17
39 18
35 38
34 48
12 27
37 44
18 10
44 5
31 48
12 17
38 2
12 22
42 9
13 43
46 4
45 6
11 15
23 30
46 6
16 12
20 47
22 36
9 48
29 14
12 23
47 29
44 12
22 2
32 24
39 37
39 44
40 48
22 1
14 2
28 39
10 19
30 18
24 10
11 30
38 27
4 34
32 47
9 43
35 40
46 11
17 10
23 32
12 43
20 14
34 24
35 6
33 0
1 20
27 25
48 42
30 3
32 1
21 17
5 16
47 23
33 24
13 9
44 9
9 0
40 16
13 11
44 31
29 42
4 22
16 44
3 18
37 38
23 9
8 1
20 31
42 10
15 44
15 19
40 11
26 40
1 45
10 47
29 45
6 13
19 36
33 45
19 38
37 14
30 36
22 7
38 15
5 17
43 35
14 28
32 45
37 21
11 16
21 45
18 24
23 7
41 38
39 8
10 6
44 34
22 20
39 32
40 29
5 39
42 19
47 25
23 40
29 7
33 11
19 6
36 29
44 29
3 39
46 28
5 31
16 39
38 25
29 10
23 45
47 3
3 43
29 3
16 4
14 16
1 18
47 22
21 22
7 14
24 13
6 42
49 40
36 12
21 1
37 41
33 47
19 13
24 36
15 9
21 31
26 41
3 22
12 24
38 45
31 16
21 32
45 41
5 11
9 41
8 0
5 38
26 22
32 16
46 35
21 36
33 29
46 21
2 19
10 25
38 30
45 8
6 37
33 3
10 48
33 38
27 19
33 1
44 2
8 20
27 20
24 37
40 8
36 7
17 32
41 1
24 4
48 26
28 25
11 31
25 14
43 2
25 39
28 29
33 36
11 27
24 14
45 12
44 11
38 17
17 26
43 33
36 27
34 26
8 41
38 46
36 8
9 6
46 27
21 35
33 40
8 33
49 30
9 37
45 44
26 47
12 1
35 14
25 34
11 0
36 31
14 45
20 25
11 42
21 7
19 24
19 28
44 0
3 34
19 23
20 48
37 34
17 18
15 42
33 4